0 0.192275 0.179159 0.016984 0.026946
0 0.437703 0.195939 0.023165 0.028239
0 0.558426 0.206382 0.025107 0.026639
0 0.255444 0.179427 0.022258 0.019649
1 0.077380 0.118164 0.029324 0.040299
1 0.952548 0.120506 0.028745 0.040394
1 0.077995 0.861787 0.027558 0.040215
1 0.942636 0.874759 0.028565 0.039622
0 0.238332 0.262855 0.017328 0.019195
0 0.178167 0.336760 0.017425 0.027724
0 0.315053 0.171055 0.017014 0.026264
0 0.501385 0.262206 0.027432 0.025989
0 0.624425 0.265491 0.018873 0.021109
0 0.609650 0.186263 0.019976 0.031328
0 0.319071 0.259119 0.024419 0.022402
0 0.675704 0.178367 0.023458 0.027221
0 0.784273 0.172314 0.016896 0.031379
0 0.886759 0.212930 0.020404 0.031955
0 0.814279 0.166142 0.023471 0.027215
0 0.833026 0.225177 0.016741 0.032621
0 0.837651 0.315287 0.023475 0.029549
0 0.444805 0.316625 0.022447 0.023919
0 0.344451 0.307651 0.025619 0.027819
0 0.283619 0.290324 0.027982 0.021988
0 0.569194 0.397931 0.025573 0.023242
0 0.763053 0.249443 0.020140 0.027562
0 0.711626 0.189333 0.021558 0.030315
0 0.757699 0.299819 0.022733 0.026247
0 0.885571 0.474825 0.020589 0.029823
0 0.782121 0.302575 0.021780 0.022279
0 0.375359 0.373086 0.020387 0.030366
0 0.259111 0.385809 0.019590 0.030562
0 0.206387 0.340401 0.022838 0.032151
0 0.218045 0.390099 0.030360 0.023740
0 0.577619 0.267648 0.026228 0.028469
0 0.420839 0.389461 0.020601 0.027915
0 0.505616 0.389576 0.024012 0.032957
0 0.191452 0.453799 0.026668 0.026588
0 0.124085 0.470435 0.019645 0.032190
0 0.231285 0.512306 0.022997 0.028955
0 0.277765 0.429567 0.024424 0.025435
0 0.182885 0.616980 0.019082 0.031821
0 0.283690 0.497160 0.024105 0.031647
0 0.375596 0.472975 0.020098 0.030847
0 0.398230 0.451958 0.020941 0.029554
0 0.463587 0.373453 0.027016 0.025693
0 0.236905 0.721506 0.019921 0.031714
0 0.154471 0.772500 0.025728 0.028569
0 0.644185 0.492627 0.021268 0.030931
0 0.528365 0.450898 0.022124 0.031955
0 0.563832 0.313485 0.027260 0.027444
0 0.594948 0.334620 0.021956 0.026700
0 0.347736 0.782691 0.019670 0.032084
0 0.450899 0.615973 0.018306 0.026751
0 0.579004 0.685513 0.025565 0.028653
0 0.662970 0.427539 0.022418 0.026325
0 0.656768 0.339360 0.025506 0.030427
0 0.863004 0.562405 0.022363 0.030276
0 0.693089 0.829353 0.020131 0.026644
0 0.694536 0.464603 0.019384 0.027948
0 0.702168 0.312145 0.032324 0.023029
0 0.796504 0.418402 0.021646 0.027439
0 0.899132 0.665187 0.025506 0.029560
0 0.812766 0.673213 0.024709 0.028239
0 0.341633 0.577288 0.022544 0.027517
0 0.384589 0.714905 0.018273 0.032649
0 0.539547 0.752317 0.026354 0.025273
0 0.223325 0.618833 0.017316 0.032448
0 0.310285 0.728734 0.024403 0.029817
0 0.738806 0.606974 0.020089 0.027109
0 0.520886 0.571874 0.013191 0.023706
0 0.714533 0.546369 0.027105 0.024630
0 0.290720 0.640798 0.027457 0.025172
0 0.681934 0.624082 0.025086 0.029202
0 0.571512 0.501939 0.027037 0.028066
0 0.584144 0.558375 0.018080 0.027836
0 0.502157 0.566395 0.016154 0.027478
0 0.818437 0.548934 0.025628 0.020561
0 0.783432 0.691776 0.018948 0.028161
0 0.391779 0.603507 0.018931 0.025189
0 0.367865 0.647805 0.022829 0.021434
0 0.277304 0.562978 0.025321 0.022301
0 0.520465 0.499779 0.020857 0.026174
0 0.779207 0.507068 0.023513 0.025508
0 0.517945 0.823150 0.020333 0.028541
0 0.794888 0.856627 0.025179 0.034462
0 0.449496 0.811000 0.019477 0.023796
0 0.185417 0.687077 0.024600 0.022928
0 0.566520 0.615002 0.025015 0.024685
0 0.780474 0.618883 0.018998 0.028575
0 0.647042 0.734160 0.020832 0.029510
0 0.623943 0.835437 0.020114 0.023107
0 0.562905 0.829454 0.022107 0.028972
0 0.674848 0.564937 0.025623 0.025200
0 0.503367 0.750814 0.028712 0.023354
0 0.475889 0.649386 0.021688 0.028357
0 0.322163 0.669217 0.018814 0.027512
0 0.484138 0.595625 0.020110 0.027456
0 0.293281 0.802483 0.016712 0.028318
0 0.837513 0.626752 0.018314 0.029392
0 0.672376 0.675647 0.018482 0.028206
0 0.863371 0.726565 0.026647 0.025984
0 0.800286 0.798397 0.018050 0.032873
0 0.849760 0.507821 0.021335 0.026521
0 0.620672 0.574437 0.019321 0.027612
0 0.630826 0.622196 0.023324 0.021971
0 0.732229 0.476616 0.017526 0.028513
0 0.744017 0.359904 0.021163 0.030315
0 0.597788 0.503870 0.021503 0.019985
0 0.751957 0.482749 0.019179 0.028771
0 0.824577 0.501413 0.020983 0.023242
0 0.630864 0.653880 0.024147 0.028088
0 0.758668 0.798940 0.016951 0.031933
0 0.419941 0.536228 0.018243 0.027663
0 0.754296 0.742126 0.015977 0.030690
0 0.714636 0.739283 0.015285 0.027187
0 0.485512 0.441725 0.020291 0.024613
0 0.655161 0.368153 0.021688 0.028234
0 0.356472 0.605169 0.018822 0.024126
0 0.277327 0.780632 0.017563 0.026890
0 0.777753 0.766585 0.015982 0.028737
0 0.289423 0.582557 0.025401 0.019229
0 0.167528 0.666889 0.018176 0.024020
0 0.326864 0.191182 0.014941 0.025038
2 0.428099 0.508380 0.018801 0.024082
2 0.207446 0.803826 0.020266 0.025650
2 0.688786 0.280007 0.020907 0.027281
2 0.877762 0.755831 0.018208 0.019643
2 0.642027 0.770455 0.019363 0.025776
0 0.317882 0.359554 0.023868 0.034743