0 0.149411 0.133688 0.029628 0.023886
0 0.112171 0.213598 0.026309 0.024964
0 0.114287 0.315052 0.023600 0.031047
0 0.106542 0.406530 0.018308 0.028856
0 0.114570 0.530060 0.024776 0.030158
0 0.128037 0.695806 0.021164 0.029395
0 0.147542 0.282286 0.026488 0.026294
0 0.157321 0.227770 0.029475 0.022814
0 0.170292 0.187987 0.024314 0.030431
0 0.275472 0.151994 0.031402 0.024418
0 0.221730 0.207570 0.025070 0.030032
0 0.197770 0.293763 0.022429 0.033399
0 0.225400 0.252037 0.024419 0.031124
0 0.339148 0.240224 0.032725 0.023529
0 0.313991 0.182383 0.027522 0.031894
0 0.194157 0.392771 0.026147 0.038243
0 0.178467 0.449558 0.022834 0.036409
0 0.102867 0.433793 0.027486 0.020462
0 0.139856 0.582829 0.025469 0.038138
0 0.179281 0.536990 0.029260 0.034610
0 0.227361 0.490549 0.025118 0.032118
0 0.242138 0.335342 0.030415 0.027288
0 0.270631 0.288817 0.024787 0.027932
0 0.281967 0.254407 0.026246 0.037725
0 0.358312 0.201984 0.032242 0.036864
0 0.452789 0.205960 0.021453 0.031180
0 0.463245 0.138829 0.036369 0.026525
0 0.410592 0.210038 0.030294 0.025937
0 0.375893 0.289220 0.031922 0.034421
0 0.289296 0.384934 0.033513 0.024964
0 0.263593 0.440363 0.030609 0.026882
0 0.219236 0.585178 0.030541 0.029409
0 0.265255 0.547670 0.026845 0.032167
0 0.152407 0.740976 0.025055 0.028156
0 0.162136 0.705180 0.029328 0.022632
0 0.243311 0.663765 0.027879 0.025391
0 0.253470 0.635525 0.035356 0.027155
0 0.317278 0.572080 0.033644 0.031803
0 0.322468 0.455708 0.029271 0.032706
0 0.367080 0.370852 0.024136 0.033455
0 0.429005 0.344492 0.027333 0.032160
0 0.410713 0.390191 0.022608 0.037186
0 0.366998 0.448494 0.023343 0.032475
0 0.465306 0.285968 0.025118 0.031614
0 0.489883 0.264550 0.026031 0.042080
0 0.528887 0.165813 0.033308 0.027582
0 0.549049 0.261649 0.022849 0.030452
0 0.501011 0.352231 0.025501 0.034995
0 0.460334 0.427216 0.023879 0.038264
0 0.358482 0.559343 0.026892 0.038208
0 0.361822 0.638749 0.032993 0.028422
0 0.302149 0.690675 0.025564 0.032699
0 0.224210 0.721617 0.025044 0.035849
0 0.191908 0.793200 0.023380 0.034652
0 0.595459 0.350183 0.023149 0.033518
0 0.539031 0.395907 0.023133 0.030221
0 0.497272 0.486545 0.029607 0.020581
0 0.440002 0.592262 0.025406 0.032041
0 0.371212 0.682295 0.028536 0.023809
0 0.583441 0.468442 0.032631 0.026952
0 0.669502 0.387531 0.027512 0.027806
0 0.594275 0.164640 0.031050 0.031425
0 0.683171 0.144587 0.025333 0.042129
0 0.498097 0.588577 0.022855 0.033196
0 0.406759 0.728712 0.025317 0.029108
0 0.354196 0.737319 0.024587 0.033777
0 0.280914 0.763133 0.029570 0.025706
0 0.396143 0.803182 0.033697 0.029584
0 0.530683 0.568604 0.018534 0.034526
0 0.570095 0.515086 0.024629 0.032286
0 0.710840 0.439425 0.036537 0.024292
0 0.794378 0.383947 0.028326 0.031348
0 0.647411 0.223055 0.027864 0.027638
0 0.550414 0.711694 0.032699 0.030676
0 0.465177 0.761432 0.025543 0.036136
0 0.447951 0.818373 0.033135 0.026112
0 0.415564 0.516189 0.021505 0.034043
0 0.451235 0.865686 0.024740 0.038551
0 0.319840 0.851720 0.022156 0.036087
0 0.744873 0.286266 0.023264 0.038285
0 0.684804 0.277249 0.025921 0.032657
0 0.684421 0.242853 0.028158 0.031418
0 0.757999 0.525310 0.027969 0.033455
0 0.651351 0.479048 0.024918 0.031586
0 0.633222 0.518243 0.023322 0.038628
0 0.589547 0.575115 0.028588 0.031810
0 0.250003 0.730836 0.021511 0.036535
0 0.547794 0.425799 0.029780 0.025811
0 0.446670 0.484904 0.025700 0.022716
0 0.576734 0.766227 0.034400 0.032664
0 0.692370 0.826865 0.029964 0.034792
0 0.506159 0.814695 0.025548 0.032139
0 0.498388 0.674997 0.031912 0.022317
1 0.064918 0.871416 0.027759 0.042759
1 0.053464 0.099123 0.030567 0.041128
1 0.964697 0.870450 0.029643 0.041611
1 0.964363 0.080428 0.029691 0.044915
0 0.893830 0.814089 0.023180 0.033378
0 0.803868 0.669026 0.023669 0.032090
0 0.798117 0.580138 0.029092 0.040470
0 0.716070 0.602847 0.025480 0.038033
0 0.652979 0.654892 0.026630 0.035534
0 0.656442 0.758509 0.023758 0.039070
0 0.647561 0.811380 0.035146 0.026630
0 0.486835 0.715383 0.032925 0.024264
0 0.467196 0.611360 0.015457 0.047148
0 0.796137 0.852802 0.025238 0.034246
0 0.829172 0.208116 0.036443 0.031460
0 0.607506 0.648714 0.025275 0.030753
0 0.838802 0.356123 0.029712 0.029661
0 0.669289 0.595766 0.026551 0.027274
0 0.779943 0.495278 0.026724 0.024719
0 0.876452 0.401231 0.016554 0.037998
0 0.867206 0.141399 0.029019 0.033987
0 0.748391 0.829553 0.021857 0.034848
0 0.726444 0.525132 0.019200 0.040057
0 0.911272 0.591678 0.024430 0.035926
0 0.803333 0.280676 0.026493 0.025482
0 0.669714 0.542048 0.017552 0.034715
0 0.914606 0.291457 0.027202 0.040267
0 0.888307 0.222985 0.023222 0.032580
0 0.699319 0.557918 0.027344 0.032573
0 0.871737 0.172698 0.024587 0.025601
0 0.885635 0.481162 0.029386 0.029556
0 0.874585 0.740458 0.018103 0.032426
0 0.751108 0.698340 0.025202 0.028303
0 0.789798 0.759741 0.019006 0.037683
0 0.843718 0.723521 0.018492 0.037361
0 0.917570 0.103019 0.029738 0.027988
0 0.791656 0.148879 0.020403 0.033672
0 0.877956 0.329532 0.019237 0.037228
0 0.908298 0.433433 0.025863 0.033742
0 0.833780 0.613845 0.018450 0.036031
0 0.881657 0.677111 0.021379 0.032874
0 0.622251 0.705785 0.025889 0.033378
0 0.869702 0.632739 0.029895 0.034211
0 0.691233 0.656352 0.030504 0.034505
0 0.801619 0.457182 0.035855 0.031481
0 0.906641 0.555486 0.030111 0.028548
0 0.277281 0.719366 0.024467 0.030382
0 0.629468 0.582091 0.025328 0.028625
0 0.707247 0.707840 0.022881 0.029731
0 0.818275 0.493024 0.025622 0.024439
0 0.735940 0.651913 0.023101 0.034631
0 0.771453 0.137643 0.025013 0.031040
0 0.778719 0.625879 0.025370 0.033441
0 0.750407 0.764536 0.025805 0.034771
0 0.844283 0.682124 0.028599 0.026098
0 0.836384 0.403856 0.021148 0.032300
0 0.702873 0.755534 0.024614 0.029129
0 0.846961 0.782815 0.024493 0.031481
0 0.823234 0.779013 0.027317 0.029535
0 0.856304 0.555038 0.023952 0.024054
0 0.681302 0.763997 0.018087 0.033119
0 0.891536 0.362221 0.023033 0.033133
0 0.866875 0.285842 0.019169 0.033532
0 0.612032 0.609634 0.022125 0.023283
0 0.490460 0.843148 0.027323 0.031404
0 0.817527 0.303245 0.019179 0.029836
0 0.766594 0.850936 0.016722 0.031383
2 0.835861 0.447966 0.015683 0.022233
2 0.445777 0.266434 0.025354 0.024929
2 0.797153 0.705824 0.025013 0.026945
2 0.594312 0.682915 0.016318 0.022793
2 0.638441 0.291219 0.024194 0.026882