0 0.118224 0.241667 0.023286 0.020774
0 0.300490 0.141674 0.021050 0.027305
2 0.073900 0.084575 0.029563 0.042057
2 0.924099 0.102841 0.027507 0.039303
2 0.930608 0.829328 0.029207 0.040965
2 0.059821 0.838660 0.032186 0.042504
0 0.358280 0.117327 0.015138 0.027601
0 0.695094 0.164510 0.019787 0.025855
0 0.793990 0.267024 0.017610 0.026683
0 0.482078 0.212955 0.014547 0.027159
0 0.407249 0.253828 0.020660 0.020225
0 0.385433 0.177603 0.022200 0.018227
0 0.515940 0.141761 0.019695 0.020539
0 0.755820 0.321728 0.018344 0.028318
0 0.660607 0.279179 0.022141 0.026157
0 0.845575 0.346794 0.020114 0.025922
0 0.280212 0.327302 0.020404 0.026661
0 0.194173 0.329879 0.023660 0.020208
0 0.693189 0.563160 0.023010 0.028127
0 0.610113 0.532243 0.025955 0.022570
0 0.579480 0.253030 0.022800 0.022122
0 0.536772 0.222178 0.022439 0.020869
0 0.524419 0.163945 0.025065 0.020673
0 0.747537 0.442786 0.025410 0.024271
0 0.683558 0.376712 0.019691 0.031910
0 0.659871 0.319851 0.021717 0.026308
0 0.618150 0.260020 0.018659 0.025424
0 0.550976 0.310309 0.020236 0.029890
0 0.386152 0.306618 0.015961 0.031004
0 0.242559 0.285145 0.018121 0.026415
0 0.241397 0.442567 0.021537 0.026734
0 0.172150 0.453287 0.024860 0.027008
0 0.696158 0.473943 0.028250 0.024512
0 0.639385 0.394853 0.025422 0.021574
0 0.598185 0.364062 0.018260 0.024607
1 0.852997 0.452526 0.018193 0.023941
0 0.423868 0.443351 0.017345 0.030103
0 0.298132 0.230847 0.021210 0.024215
0 0.298501 0.258347 0.026152 0.023521
0 0.503503 0.330492 0.020106 0.029135
0 0.482856 0.344718 0.022279 0.027624
0 0.776435 0.557088 0.019162 0.027310
0 0.787965 0.485114 0.019850 0.025844
0 0.349962 0.320995 0.025850 0.024523
0 0.287107 0.368864 0.021247 0.030002
0 0.289159 0.480486 0.019259 0.031104
0 0.255381 0.582988 0.019372 0.027120
0 0.203828 0.624449 0.018247 0.029140
0 0.198600 0.665319 0.016896 0.031379
0 0.207325 0.730967 0.022766 0.024154
0 0.270960 0.791424 0.024012 0.023829
0 0.235078 0.679920 0.022645 0.022458
0 0.270857 0.671430 0.026081 0.021988
0 0.330376 0.600922 0.015394 0.024988
0 0.335220 0.538271 0.018512 0.029364
0 0.400227 0.377101 0.020303 0.029017
0 0.594478 0.650891 0.019942 0.030640
0 0.496450 0.542764 0.024226 0.019951
0 0.468593 0.506139 0.020773 0.024210
0 0.354806 0.441202 0.023236 0.022066
0 0.348500 0.465440 0.023849 0.019291
0 0.350308 0.578287 0.027021 0.026314
0 0.379231 0.729573 0.019766 0.025586
0 0.373496 0.659812 0.015319 0.027002
0 0.364030 0.499589 0.022779 0.020925
0 0.343360 0.770855 0.021340 0.023320
0 0.421250 0.821146 0.020291 0.021445
0 0.402732 0.643160 0.026077 0.025385
0 0.414667 0.592382 0.028053 0.017153
0 0.469100 0.411267 0.019825 0.025581
0 0.850553 0.593702 0.017702 0.026376
0 0.798444 0.703089 0.019376 0.031614
0 0.665938 0.734708 0.017068 0.027159
0 0.618583 0.795677 0.020572 0.023135
0 0.474395 0.710252 0.016233 0.026152
0 0.444775 0.587723 0.022447 0.026280
0 0.460474 0.439403 0.021377 0.028955
0 0.587240 0.426996 0.025699 0.018378
0 0.818993 0.623850 0.027327 0.023857
0 0.510202 0.503179 0.022645 0.022755
0 0.475413 0.652170 0.019351 0.028429
0 0.557908 0.603860 0.020656 0.029095
0 0.532037 0.691347 0.016636 0.027842
0 0.551427 0.489901 0.019452 0.028334
0 0.734635 0.778172 0.026996 0.023236
0 0.640524 0.605209 0.021021 0.028491
0 0.615736 0.456111 0.027021 0.027786
0 0.819616 0.772315 0.019200 0.031300
0 0.713044 0.668291 0.030604 0.028670
0 0.735751 0.554701 0.022112 0.026902
0 0.751819 0.642547 0.022208 0.029431