0 0.144006 0.435407 0.024404 0.034344
0 0.098966 0.206209 0.027496 0.033749
0 0.110446 0.077442 0.022639 0.030291
0 0.675424 0.160583 0.027753 0.034974
0 0.541344 0.249629 0.028861 0.027540
0 0.201180 0.141997 0.023527 0.036836
0 0.854224 0.354412 0.028415 0.027806
0 0.891617 0.687969 0.029108 0.032804
0 0.727051 0.360345 0.021558 0.034001
0 0.682712 0.329105 0.027617 0.027792
0 0.663165 0.262104 0.019542 0.035884
0 0.777966 0.288068 0.026551 0.026574
0 0.416551 0.588041 0.030672 0.030319
0 0.693884 0.561198 0.022093 0.027918
0 0.352775 0.213349 0.027942 0.030627
0 0.571741 0.320197 0.020035 0.030627
0 0.419386 0.322035 0.031366 0.031208
0 0.324497 0.386992 0.025128 0.024838
0 0.818155 0.756171 0.026168 0.031201
0 0.753591 0.692418 0.025527 0.032685
0 0.623855 0.570754 0.026262 0.035800
0 0.716902 0.282542 0.022020 0.029465
0 0.592944 0.175781 0.025081 0.025944
0 0.561127 0.575048 0.024860 0.040008
0 0.422429 0.416408 0.026120 0.027232
0 0.297445 0.245607 0.025721 0.037809
0 0.261580 0.087730 0.028714 0.026532
0 0.135220 0.110660 0.024524 0.026161
0 0.343598 0.460934 0.024708 0.035359
0 0.515357 0.472383 0.027249 0.034400
0 0.788566 0.525762 0.023852 0.029220
0 0.714660 0.441868 0.030683 0.026070
0 0.353311 0.585664 0.028184 0.028408
0 0.722415 0.220441 0.027554 0.035401
0 0.867623 0.464161 0.029150 0.032125
0 0.720023 0.095829 0.024461 0.036080
0 0.542748 0.113614 0.023805 0.040134
0 0.458890 0.129452 0.021747 0.034582
0 0.386853 0.532514 0.027265 0.037179
0 0.300424 0.546630 0.022356 0.035044
0 0.829487 0.269062 0.025291 0.030466
0 0.499026 0.612410 0.025186 0.038173
0 0.161317 0.207941 0.025254 0.035436
0 0.199426 0.334772 0.030384 0.038243
0 0.174393 0.276549 0.020660 0.036213
0 0.395752 0.250193 0.018465 0.035121
0 0.310594 0.153373 0.017820 0.032944
0 0.343540 0.089630 0.028887 0.025377
0 0.474397 0.091338 0.023191 0.039742
0 0.621721 0.101366 0.026330 0.034344
0 0.850520 0.182351 0.023369 0.034267
0 0.406187 0.853477 0.025853 0.036409
0 0.141704 0.527473 0.029554 0.030711
0 0.092889 0.397650 0.030263 0.028905
0 0.258765 0.306679 0.028347 0.028317
0 0.215474 0.386803 0.020665 0.035254
0 0.114029 0.372966 0.028168 0.036171
0 0.260708 0.433800 0.027381 0.036101
0 0.190984 0.454809 0.026750 0.030235
0 0.366901 0.146607 0.025165 0.038397
0 0.127651 0.585780 0.029465 0.031761
0 0.319370 0.320179 0.028431 0.032846
0 0.342716 0.260392 0.029874 0.028499
0 0.207840 0.487291 0.025874 0.027533
0 0.404481 0.147142 0.027008 0.034890
0 0.505870 0.200762 0.032237 0.031075
0 0.440480 0.251299 0.025049 0.037263
0 0.251189 0.378049 0.030457 0.030879
0 0.365174 0.333676 0.026194 0.037480
0 0.461712 0.197735 0.031339 0.031754
0 0.391951 0.373869 0.028410 0.034351
0 0.307313 0.457640 0.026756 0.034008
0 0.218558 0.526322 0.036558 0.029206
0 0.394219 0.455869 0.023170 0.038124
0 0.129754 0.677860 0.035540 0.034778
0 0.105366 0.732033 0.028924 0.029325
0 0.317548 0.834436 0.028221 0.036647
0 0.144762 0.822280 0.026346 0.034890
0 0.170279 0.630691 0.029181 0.033028
0 0.161156 0.729793 0.025396 0.031411
0 0.213925 0.696041 0.023070 0.038768
0 0.223651 0.650401 0.022162 0.032573
0 0.235289 0.555549 0.026283 0.029038
0 0.485189 0.265292 0.026976 0.033707
0 0.460531 0.383502 0.025721 0.040260
0 0.264171 0.593880 0.025653 0.034463
0 0.264454 0.642939 0.023753 0.040862
0 0.197000 0.823211 0.029187 0.027078
0 0.236163 0.775604 0.028084 0.037375
0 0.260677 0.840621 0.025291 0.027736
0 0.279583 0.718704 0.027381 0.028541
0 0.652937 0.808510 0.025737 0.040281
0 0.318454 0.753077 0.024383 0.031481
0 0.470265 0.827736 0.028441 0.030935
0 0.357175 0.662928 0.030347 0.028618
0 0.320877 0.569966 0.020377 0.028723
0 0.307788 0.711652 0.028494 0.025832
0 0.386879 0.783991 0.029785 0.036507
0 0.400425 0.628297 0.029796 0.031404
0 0.563988 0.810865 0.026908 0.030907
0 0.507500 0.774414 0.023474 0.032741
0 0.580535 0.726247 0.028194 0.032342
0 0.400522 0.694504 0.028940 0.028205
0 0.704726 0.768667 0.023501 0.037305
0 0.835426 0.793998 0.024503 0.026910
0 0.426695 0.751519 0.020812 0.033280
0 0.755867 0.614377 0.030100 0.028093
0 0.546418 0.511936 0.025758 0.026532
0 0.558003 0.649099 0.022162 0.035429
0 0.438857 0.500942 0.030709 0.035345
0 0.502977 0.339697 0.026094 0.027428
0 0.649212 0.478729 0.028525 0.027547
0 0.455370 0.555300 0.027717 0.031579
0 0.590812 0.489968 0.028735 0.033238
0 0.478379 0.519615 0.030567 0.028352
0 0.590721 0.434889 0.023238 0.031964
0 0.671544 0.431413 0.030798 0.023991
0 0.589781 0.612543 0.018996 0.034813
0 0.518618 0.722747 0.024257 0.029920
0 0.457884 0.695813 0.023485 0.034169
0 0.629261 0.439936 0.020723 0.029640
0 0.467222 0.763077 0.023028 0.035170
0 0.630767 0.368196 0.021689 0.033084
0 0.461523 0.630474 0.029323 0.028436
0 0.432675 0.688197 0.018922 0.034743
0 0.537086 0.802230 0.015651 0.040155
0 0.612000 0.744113 0.022671 0.036122
0 0.702295 0.724067 0.028866 0.028989
0 0.512407 0.522779 0.023353 0.030088
0 0.529053 0.641385 0.016617 0.033511
0 0.643691 0.682950 0.023238 0.035660
0 0.756335 0.738771 0.024388 0.039861
0 0.639441 0.645802 0.021553 0.037949
0 0.818596 0.704903 0.028761 0.031432
0 0.826839 0.656015 0.022996 0.035513
0 0.828038 0.585370 0.026530 0.033336
0 0.683105 0.636684 0.020382 0.037396
0 0.663057 0.597397 0.024682 0.032202
0 0.859404 0.514627 0.027486 0.033805
0 0.761624 0.481064 0.019878 0.034526
0 0.766995 0.436849 0.029160 0.031950
0 0.771608 0.361027 0.026593 0.027498
0 0.523818 0.433366 0.022750 0.039027
0 0.811600 0.411843 0.027097 0.042633
0 0.507529 0.408756 0.021820 0.029290
0 0.549143 0.369799 0.022041 0.034736
0 0.610848 0.264354 0.025952 0.032405
0 0.586436 0.368479 0.028824 0.026049
0 0.513336 0.366197 0.016549 0.036451
0 0.606269 0.218690 0.025270 0.031285
0 0.609674 0.134052 0.027827 0.033196
0 0.643400 0.224347 0.025280 0.034001
0 0.760971 0.148683 0.019631 0.034246
0 0.884561 0.412932 0.022566 0.032601
0 0.889197 0.231750 0.018408 0.036710
0 0.794263 0.161871 0.025553 0.022051
0 0.905759 0.430353 0.026908 0.028856
0 0.826568 0.195439 0.023978 0.036038
0 0.784363 0.134265 0.023868 0.029451
1 0.036012 0.069129 0.032216 0.043907
1 0.959544 0.073655 0.026708 0.042766
1 0.963854 0.853110 0.028294 0.041639
1 0.036427 0.882116 0.030504 0.046224
2 0.904930 0.254638 0.023023 0.023767
2 0.246918 0.242485 0.024981 0.033357
2 0.307326 0.106151 0.024136 0.025811
2 0.360454 0.740007 0.022624 0.026679