0 0.110605 0.158691 0.053410 0.097840
0 0.270455 0.126306 0.054448 0.099252
0 0.383789 0.122151 0.061306 0.101914
0 0.521390 0.130151 0.061004 0.106038
0 0.653033 0.076914 0.055809 0.103806
0 0.821975 0.091080 0.076049 0.083555
0 0.932252 0.095326 0.070218 0.103633
0 0.067503 0.334780 0.065363 0.101758
0 0.185717 0.296543 0.074291 0.106914
0 0.276529 0.274914 0.054051 0.097807
0 0.418117 0.268044 0.065441 0.107985
0 0.548864 0.286643 0.054202 0.104392
0 0.687640 0.303853 0.061864 0.099135
0 0.806350 0.317732 0.058605 0.101680
0 0.913474 0.274824 0.070318 0.103778
0 0.036116 0.495086 0.057411 0.104492
0 0.182799 0.470176 0.059972 0.093488
0 0.304671 0.492148 0.066484 0.104275
0 0.399916 0.478382 0.063504 0.098873
0 0.505625 0.511599 0.073694 0.100285
0 0.664375 0.519238 0.063717 0.108008
0 0.751429 0.528571 0.062857 0.102857
0 0.853066 0.506543 0.053733 0.097863
0 0.931761 0.499422 0.071211 0.109436
0 0.074860 0.652439 0.063292 0.103594
0 0.180714 0.678571 0.064286 0.105714
0 0.325714 0.700000 0.062857 0.105714
0 0.441250 0.702296 0.064498 0.107628
0 0.572235 0.690059 0.068488 0.104068
0 0.669562 0.689648 0.055396 0.105167
0 0.816794 0.649944 0.054146 0.103214
0 0.908984 0.701018 0.072500 0.101200
0 0.082832 0.782776 0.057405 0.106032
0 0.105698 0.930020 0.065592 0.101155
0 0.224062 0.926030 0.054888 0.094291
0 0.325435 0.902254 0.060491 0.103092
0 0.430714 0.920000 0.070000 0.102857
0 0.543959 0.917888 0.064481 0.099124
0 0.663242 0.891390 0.055257 0.109353
0 0.767980 0.790441 0.058002 0.095112
0 0.852854 0.840455 0.059994 0.098052
0 0.783295 0.920636 0.063175 0.093092