2 0.037686 0.075844 0.031275 0.042739
2 0.979693 0.080288 0.032643 0.043590
2 0.971546 0.896560 0.032941 0.041777
2 0.033688 0.879116 0.029446 0.038150
0 0.730542 0.354447 0.008849 0.018832
0 0.408132 0.792308 0.012717 0.014192
0 0.107487 0.403653 0.017135 0.016979
0 0.491002 0.257091 0.018356 0.022262
0 0.500732 0.352962 0.018893 0.026918
0 0.647634 0.206455 0.017190 0.024982
0 0.866447 0.380610 0.027201 0.021249
0 0.461695 0.516372 0.017777 0.019839
0 0.643407 0.433924 0.011740 0.026538
0 0.603732 0.505135 0.018948 0.026946
0 0.302911 0.203153 0.018877 0.021669
0 0.195000 0.587205 0.019884 0.020567
0 0.420885 0.845261 0.021810 0.014797
0 0.487769 0.574076 0.015910 0.020858
0 0.739685 0.668083 0.019573 0.016157
0 0.282572 0.243763 0.014845 0.026711
0 0.102068 0.159672 0.020270 0.020175
0 0.738940 0.414745 0.012033 0.027221
0 0.222342 0.525444 0.019334 0.022234
0 0.325836 0.377311 0.012885 0.023438
0 0.370999 0.149210 0.016485 0.016509
0 0.372762 0.472116 0.014337 0.024831
0 0.209354 0.657087 0.013473 0.026342
0 0.152902 0.560136 0.015432 0.030528
0 0.687848 0.494115 0.016355 0.025480
0 0.566796 0.537098 0.013426 0.028810
0 0.790764 0.418506 0.023291 0.020102
0 0.359618 0.291626 0.019502 0.019554
0 0.432425 0.188639 0.018700 0.020197
0 0.125642 0.472035 0.013594 0.029056
0 0.081326 0.545294 0.017773 0.030394
0 0.585797 0.374955 0.016527 0.032089
0 0.355362 0.195892 0.023173 0.032117
0 0.280619 0.634072 0.019716 0.031384
0 0.721018 0.606988 0.018080 0.031256
0 0.285385 0.780903 0.022854 0.022453
0 0.357357 0.336662 0.018923 0.031312
0 0.212639 0.105718 0.019699 0.029935
0 0.569075 0.159697 0.020870 0.024087
0 0.808073 0.226216 0.021348 0.025732
0 0.201648 0.389598 0.017866 0.027797
0 0.250080 0.224078 0.021071 0.023717
0 0.540334 0.483642 0.026223 0.021143
0 0.546468 0.217603 0.024327 0.023784
0 0.430976 0.124992 0.016473 0.032207
0 0.484713 0.632975 0.020052 0.021949
0 0.734390 0.753548 0.025162 0.025497
0 0.335027 0.139486 0.016196 0.027708
0 0.714533 0.311395 0.022556 0.020679
0 0.403481 0.549018 0.017605 0.028228
0 0.084385 0.359417 0.016087 0.029476
0 0.138244 0.766926 0.017643 0.029241
0 0.665283 0.310860 0.023849 0.017606
0 0.423213 0.313826 0.019510 0.023751
0 0.840102 0.400533 0.022846 0.022827
0 0.520049 0.090736 0.015562 0.027685
0 0.107541 0.194577 0.023404 0.019626
0 0.308615 0.464757 0.022011 0.023611
0 0.766198 0.281286 0.016762 0.029644
0 0.509113 0.757435 0.022305 0.029935
0 0.911136 0.670070 0.024868 0.022290
0 0.094075 0.250562 0.021671 0.022492
0 0.418942 0.690368 0.015742 0.030808
0 0.148383 0.293665 0.016397 0.028234
0 0.756516 0.477769 0.022128 0.023320
0 0.312351 0.296704 0.026102 0.018765
0 0.787229 0.543811 0.018814 0.032565
0 0.150926 0.517894 0.023924 0.019056
0 0.399623 0.162484 0.014874 0.031093
0 0.501364 0.518613 0.021121 0.028911
0 0.590991 0.075968 0.020169 0.031659
0 0.754531 0.081511 0.017438 0.029314
0 0.643520 0.552340 0.018319 0.032162
0 0.872323 0.294362 0.017807 0.029605
0 0.293957 0.377194 0.023542 0.021915
0 0.393440 0.208058 0.017782 0.027640
0 0.090779 0.096587 0.015424 0.027534
0 0.099731 0.284709 0.021117 0.022755
0 0.078700 0.631495 0.022045 0.024887
0 0.080529 0.738200 0.017723 0.030293
0 0.808913 0.465174 0.018159 0.027288
0 0.824695 0.560877 0.018491 0.030041
0 0.871677 0.513275 0.025258 0.025094
0 0.657549 0.492445 0.021847 0.032280
0 0.636165 0.601375 0.020593 0.023286
0 0.586110 0.672121 0.017941 0.031586
0 0.600067 0.718943 0.026102 0.022872
0 0.750673 0.536813 0.021285 0.030791
0 0.476004 0.179091 0.018100 0.027831
0 0.431787 0.362120 0.021906 0.025021
0 0.398144 0.409751 0.013980 0.030640
0 0.492529 0.430700 0.017349 0.024982
0 0.253835 0.599352 0.016758 0.029168
0 0.396331 0.098781 0.015575 0.029247
0 0.821393 0.087560 0.020933 0.020886
0 0.260628 0.375039 0.022414 0.022184
0 0.405291 0.454927 0.017425 0.030433
0 0.893314 0.434898 0.021147 0.026963
0 0.702477 0.541637 0.023375 0.024713
0 0.461414 0.461573 0.010619 0.015194
0 0.694757 0.423683 0.021889 0.020382
0 0.919985 0.559590 0.022208 0.027803
0 0.261673 0.336841 0.010473 0.017813
0 0.696353 0.364764 0.024193 0.022464
0 0.845839 0.483267 0.028053 0.021859
0 0.869097 0.616877 0.016212 0.026734
0 0.765812 0.625353 0.023693 0.021479
0 0.848802 0.668864 0.019670 0.032089
0 0.671069 0.593417 0.018554 0.024327
0 0.520425 0.445542 0.019770 0.027243
0 0.442023 0.410568 0.018403 0.026879
0 0.524996 0.278844 0.022133 0.026795
0 0.241254 0.162663 0.016854 0.030220
0 0.696389 0.671962 0.019666 0.027014
0 0.310142 0.701074 0.017219 0.030047
0 0.153999 0.693427 0.020874 0.026001
0 0.872443 0.729003 0.015973 0.031228
0 0.784569 0.740302 0.018940 0.027534
0 0.745225 0.312578 0.019728 0.023482
0 0.884791 0.253168 0.022628 0.025116
0 0.483527 0.317895 0.020291 0.021221
0 0.365755 0.788506 0.024507 0.021238
0 0.522804 0.643963 0.020031 0.028603
0 0.438029 0.479825 0.016825 0.027377
0 0.266586 0.557942 0.018319 0.027081
0 0.395693 0.297513 0.017505 0.027053
0 0.480851 0.692366 0.017194 0.027305
0 0.345019 0.750154 0.016955 0.029733
0 0.351009 0.479848 0.016397 0.029862
0 0.571628 0.316874 0.024818 0.019559
0 0.277272 0.462756 0.015331 0.026191
0 0.403961 0.489496 0.019204 0.024993
0 0.120806 0.373131 0.025044 0.018132
0 0.379185 0.542806 0.019473 0.029829
0 0.130144 0.659090 0.016733 0.029554
0 0.269548 0.276255 0.019737 0.031211
0 0.172842 0.453147 0.011912 0.018837
0 0.158988 0.367056 0.012105 0.018339
0 0.513496 0.890239 0.016695 0.033701
0 0.811046 0.703668 0.020052 0.023158
0 0.109539 0.814912 0.025821 0.023471
0 0.077164 0.437469 0.017135 0.028972
0 0.192510 0.190530 0.021079 0.020824
0 0.716581 0.798299 0.018990 0.028368
0 0.285368 0.179234 0.015822 0.028900
0 0.448315 0.305345 0.016896 0.026353
0 0.242240 0.836531 0.013573 0.030332
0 0.631533 0.795109 0.019905 0.018541
0 0.619038 0.761112 0.019007 0.021372
0 0.302386 0.531314 0.023794 0.025883
0 0.542845 0.706917 0.019825 0.029498
0 0.261918 0.668831 0.020966 0.022576