1 0.047203 0.081282 0.029470 0.037774
1 0.974507 0.095763 0.027916 0.043620
1 0.046455 0.882830 0.030557 0.045048
1 0.962439 0.885168 0.029433 0.042920
0 0.114242 0.113390 0.027501 0.031383
0 0.126171 0.326490 0.026525 0.033903
0 0.182326 0.138287 0.030930 0.041135
0 0.496847 0.229520 0.028452 0.037221
0 0.248493 0.144041 0.031376 0.029822
0 0.142476 0.268453 0.022855 0.039707
0 0.125822 0.369001 0.027423 0.032902
0 0.195782 0.197308 0.034741 0.028940
0 0.174860 0.235548 0.033744 0.033455
0 0.179711 0.316641 0.034090 0.030095
0 0.137304 0.526647 0.030625 0.038397
0 0.121419 0.587194 0.030924 0.030795
0 0.267274 0.226727 0.023774 0.036605
0 0.110210 0.690080 0.031113 0.031817
0 0.122359 0.785135 0.029937 0.032776
0 0.196759 0.481928 0.029691 0.030641
0 0.237635 0.373089 0.033991 0.029920
0 0.261123 0.269363 0.035519 0.027540
0 0.316204 0.138322 0.025763 0.028212
0 0.228650 0.440440 0.026299 0.037312
0 0.203752 0.543329 0.023758 0.041646
0 0.122543 0.615378 0.026073 0.032405
0 0.273498 0.337492 0.031644 0.028562
0 0.324143 0.205362 0.031402 0.032671
0 0.341687 0.127748 0.023259 0.039532
0 0.282153 0.439926 0.036112 0.030487
0 0.278654 0.544932 0.027874 0.030109
0 0.209005 0.605336 0.028226 0.029472
0 0.163501 0.640870 0.024456 0.036668
0 0.403837 0.197938 0.025700 0.033602
0 0.441196 0.109291 0.030882 0.025916
0 0.520474 0.109851 0.028200 0.038082
0 0.397545 0.260070 0.026798 0.035443
0 0.379171 0.311373 0.027107 0.034708
0 0.361990 0.356890 0.027218 0.038810
0 0.336066 0.415358 0.025396 0.035772
0 0.332144 0.527372 0.025448 0.040491
0 0.300093 0.642743 0.027900 0.039294
0 0.251302 0.655644 0.024047 0.039812
0 0.465805 0.333988 0.023416 0.034197
0 0.411831 0.426635 0.030000 0.037858
0 0.405541 0.302545 0.023690 0.034050
0 0.384296 0.599564 0.028504 0.033259
0 0.522579 0.335346 0.022708 0.036787
0 0.556538 0.468995 0.028168 0.037270
0 0.496327 0.409995 0.036012 0.032328
0 0.464135 0.474217 0.033035 0.031124
0 0.422096 0.549154 0.030567 0.034029
0 0.453629 0.439950 0.031313 0.029780
0 0.373777 0.672085 0.029958 0.033840
0 0.336486 0.730528 0.030121 0.031593
0 0.182704 0.696261 0.031906 0.024691
0 0.150700 0.749622 0.025023 0.036934
0 0.219879 0.681112 0.030536 0.030571
0 0.189755 0.849301 0.030531 0.031586
0 0.233217 0.742538 0.026005 0.032104
0 0.276514 0.715323 0.026241 0.035975
0 0.244230 0.828367 0.026378 0.035527
0 0.260698 0.766584 0.023989 0.036360
0 0.408907 0.646799 0.032731 0.031978
0 0.345517 0.774757 0.033208 0.027813
0 0.524666 0.250336 0.025590 0.025762
0 0.554934 0.171437 0.027617 0.035513
0 0.433260 0.577750 0.024839 0.040008
0 0.375950 0.789875 0.020760 0.037144
0 0.405029 0.769738 0.025553 0.033147
0 0.576671 0.299787 0.028814 0.030802
0 0.491673 0.630926 0.028887 0.030375
0 0.440792 0.787095 0.024719 0.036486
0 0.402672 0.855112 0.029554 0.035016
0 0.493343 0.721631 0.022807 0.036647
0 0.615665 0.709565 0.026934 0.040673
0 0.729324 0.296157 0.023858 0.035513
0 0.512451 0.821072 0.034479 0.029367
0 0.553795 0.755471 0.025653 0.037711
0 0.563096 0.528754 0.031581 0.029325
0 0.587888 0.227413 0.022540 0.037585
0 0.815291 0.322465 0.025270 0.032825
0 0.634931 0.226128 0.022561 0.039973
0 0.534258 0.586620 0.024572 0.025825
0 0.595236 0.159309 0.024036 0.038012
0 0.790071 0.191907 0.026840 0.039154
0 0.671227 0.150086 0.030793 0.027113
0 0.640780 0.298090 0.025711 0.037571
0 0.593414 0.387751 0.024141 0.033287
0 0.553070 0.653789 0.027743 0.028891
0 0.537233 0.698970 0.020902 0.033245
0 0.569045 0.588594 0.022981 0.030249
0 0.637535 0.532045 0.024367 0.029969
0 0.625168 0.358346 0.028152 0.023409
0 0.840896 0.179554 0.026687 0.031320
0 0.651567 0.484813 0.023732 0.028849
0 0.576067 0.866256 0.020287 0.038390
0 0.681218 0.719079 0.026824 0.030242
0 0.646101 0.780977 0.020214 0.032454
0 0.691178 0.862879 0.020923 0.039896
0 0.727426 0.720763 0.024251 0.037109
0 0.749527 0.822539 0.027354 0.028282
0 0.917184 0.699404 0.026635 0.037207
0 0.873081 0.724536 0.019936 0.036241
0 0.883500 0.573134 0.030798 0.031376
0 0.906426 0.331163 0.028882 0.033490
0 0.660159 0.392393 0.025396 0.039560
0 0.717398 0.625322 0.026950 0.030298
0 0.789624 0.393460 0.026441 0.039063
0 0.918391 0.237221 0.028893 0.037053
0 0.790855 0.514904 0.027412 0.034162
0 0.726268 0.485212 0.030431 0.027603
0 0.733511 0.438214 0.018854 0.039483
0 0.721260 0.346190 0.026955 0.036801
0 0.779620 0.619722 0.032872 0.030690
0 0.821334 0.738327 0.026362 0.035975
0 0.859548 0.501561 0.029045 0.027806
0 0.803446 0.784792 0.026267 0.037368
0 0.808796 0.653681 0.025469 0.029976
0 0.710470 0.524288 0.032227 0.035443
0 0.858372 0.418102 0.031471 0.027022
0 0.860538 0.381479 0.026162 0.037011
0 0.845916 0.279710 0.035035 0.042983
0 0.863738 0.217336 0.021169 0.034316
0 0.777307 0.697854 0.020235 0.039763
0 0.754416 0.358367 0.023427 0.035954
0 0.832758 0.392694 0.027643 0.027589
0 0.751924 0.690545 0.023317 0.041345
0 0.641318 0.574691 0.028331 0.029703
0 0.695347 0.198270 0.023548 0.042766
0 0.667055 0.589441 0.023385 0.035709
0 0.673227 0.194731 0.013929 0.037466
2 0.121745 0.441298 0.028163 0.028247
2 0.630791 0.435687 0.023490 0.026728
2 0.610480 0.822661 0.024241 0.030403