0 0.135605 0.157764 0.058157 0.083067
0 0.223138 0.059506 0.046707 0.076614
0 0.227340 0.178051 0.054542 0.075489
0 0.128906 0.264184 0.054900 0.078030
0 0.325456 0.156485 0.056635 0.082188
0 0.400388 0.119079 0.051179 0.084751
0 0.058135 0.409801 0.048095 0.083671
0 0.036760 0.514578 0.052802 0.082669
0 0.044740 0.619938 0.070799 0.048392
0 0.237156 0.287859 0.056534 0.083229
0 0.397290 0.238642 0.045118 0.061554
0 0.487333 0.135392 0.060032 0.076066
0 0.624278 0.162952 0.054318 0.076765
0 0.474145 0.384838 0.050535 0.084460
0 0.229713 0.403872 0.046651 0.080968
0 0.228767 0.518334 0.053098 0.082121
0 0.116172 0.620722 0.061297 0.081981
0 0.316913 0.292093 0.058420 0.085529
0 0.035763 0.868220 0.047698 0.082574
0 0.323533 0.395214 0.053820 0.089956
0 0.492660 0.504651 0.051414 0.074297
0 0.750856 0.488673 0.056781 0.082971
0 0.734302 0.153373 0.054553 0.081550
0 0.836175 0.155475 0.050574 0.078735
0 0.222956 0.619440 0.059327 0.084566
0 0.471330 0.877093 0.047535 0.085255
0 0.490106 0.612870 0.052091 0.085540
0 0.941678 0.147220 0.054816 0.082630
0 0.825358 0.280939 0.046869 0.083772
0 0.925163 0.253937 0.053764 0.081365
0 0.927108 0.387813 0.051263 0.087801
0 0.559898 0.138280 0.050513 0.083262
0 0.644514 0.405965 0.054990 0.084124
0 0.325355 0.502616 0.054721 0.083593
0 0.545795 0.766954 0.048610 0.087868
0 0.299391 0.747266 0.052544 0.084745
0 0.566166 0.285811 0.057530 0.085591
0 0.725899 0.261870 0.059887 0.084080
0 0.734895 0.618475 0.057497 0.083822
0 0.645099 0.768918 0.055130 0.083626
0 0.809316 0.786004 0.046629 0.076496
0 0.828732 0.412339 0.048067 0.081852
0 0.136464 0.388448 0.054279 0.082938
0 0.751782 0.054679 0.049444 0.082619
0 0.878671 0.047639 0.055337 0.082373
0 0.564817 0.617700 0.046729 0.092121
0 0.376668 0.741474 0.048957 0.087253
0 0.926221 0.644179 0.055880 0.087001
0 0.638725 0.520790 0.047910 0.077644
0 0.575702 0.388053 0.056266 0.082742
0 0.467382 0.742722 0.057402 0.083257
0 0.631539 0.869373 0.045314 0.080738
0 0.211657 0.746007 0.057458 0.082350
0 0.645099 0.279028 0.060368 0.081225
0 0.838033 0.653564 0.054805 0.082311
0 0.828657 0.894915 0.052729 0.089827