0 0.177577 0.158711 0.022776 0.034323
0 0.115943 0.275482 0.027144 0.030214
0 0.239355 0.151836 0.022067 0.031789
0 0.290981 0.094569 0.029229 0.028870
1 0.055352 0.061894 0.028945 0.040414
1 0.984556 0.052706 0.029491 0.043067
1 0.984480 0.880257 0.031040 0.045335
1 0.044287 0.847957 0.029570 0.042409
0 0.240584 0.251551 0.024083 0.035569
0 0.311025 0.159211 0.022177 0.032860
0 0.418987 0.103929 0.024068 0.037816
0 0.356905 0.173146 0.028305 0.029647
0 0.816656 0.128448 0.032473 0.033777
0 0.546859 0.073421 0.033476 0.032020
0 0.486249 0.188081 0.027207 0.038012
0 0.424382 0.170524 0.032778 0.037088
0 0.918126 0.136446 0.031324 0.035772
0 0.607837 0.116501 0.026115 0.043403
0 0.835244 0.257046 0.028184 0.039980
0 0.249541 0.448627 0.027170 0.038467
0 0.312177 0.280704 0.021364 0.027386
0 0.229188 0.306385 0.031723 0.028163
0 0.730067 0.328023 0.031791 0.032391
0 0.493350 0.300711 0.035046 0.030732
0 0.362021 0.413380 0.030525 0.032839
0 0.332407 0.375756 0.029943 0.038376
0 0.354763 0.545793 0.024251 0.039154
0 0.662650 0.151567 0.032248 0.030200
0 0.533502 0.135119 0.025979 0.036227
0 0.365318 0.313445 0.025055 0.039105
0 0.409287 0.259668 0.028641 0.036346
0 0.709536 0.129795 0.032563 0.032160
0 0.107684 0.477462 0.026882 0.029899
0 0.183620 0.443601 0.032867 0.028443
0 0.178425 0.389960 0.024104 0.034960
0 0.176075 0.532797 0.025002 0.034036
0 0.145203 0.340162 0.028530 0.028569
0 0.244445 0.373246 0.022576 0.037949
0 0.138422 0.375826 0.024577 0.033630
0 0.291651 0.429824 0.023480 0.034729
0 0.389759 0.370961 0.025202 0.030298
0 0.444283 0.350708 0.024299 0.038012
0 0.439180 0.283522 0.024918 0.027687
0 0.518114 0.223045 0.020098 0.034197
0 0.576461 0.169960 0.021841 0.038019
0 0.256707 0.517645 0.025448 0.038159
0 0.164023 0.605969 0.027097 0.034127
0 0.104427 0.696188 0.031234 0.031054
0 0.214445 0.693608 0.027722 0.035513
0 0.200594 0.596613 0.022513 0.034120
0 0.506421 0.363869 0.021505 0.036542
0 0.430039 0.433699 0.024057 0.032244
0 0.462253 0.402477 0.027423 0.030172
0 0.637506 0.277606 0.026021 0.038075
0 0.430927 0.503833 0.029129 0.027057
0 0.565356 0.335304 0.027417 0.034407
0 0.254691 0.637062 0.024419 0.036962
0 0.580026 0.218148 0.020697 0.031222
0 0.159999 0.690542 0.022282 0.034477
0 0.128266 0.747623 0.021169 0.033777
0 0.205929 0.637310 0.022408 0.031635
0 0.250869 0.570887 0.020209 0.035044
0 0.413306 0.629032 0.020161 0.043011
0 0.274453 0.550830 0.022897 0.041541
0 0.568651 0.267330 0.027759 0.036591
0 0.767620 0.157342 0.031029 0.033028
0 0.581031 0.303718 0.025228 0.024299
0 0.538745 0.447658 0.032589 0.030760
0 0.600113 0.401896 0.030714 0.031292
0 0.464765 0.535219 0.018975 0.035100
0 0.655045 0.376236 0.026677 0.034491
0 0.310912 0.650674 0.025175 0.032769
0 0.186264 0.758488 0.030993 0.029955
0 0.542302 0.480143 0.022755 0.032041
0 0.681320 0.491571 0.030987 0.037200
0 0.494248 0.561551 0.028599 0.030935
0 0.801004 0.285293 0.021133 0.040722
0 0.893266 0.409883 0.027911 0.038516
0 0.762971 0.525328 0.032998 0.026448
0 0.640457 0.456587 0.022429 0.028387
0 0.655573 0.592574 0.026934 0.039553
0 0.829676 0.478061 0.029365 0.043165
0 0.865878 0.321748 0.030909 0.036962
0 0.837633 0.381853 0.026294 0.035030
0 0.797930 0.432789 0.027743 0.033952
0 0.722816 0.365714 0.024524 0.035443
0 0.872359 0.551677 0.032615 0.031418
0 0.871075 0.439124 0.028179 0.032776
0 0.747299 0.409435 0.032883 0.026112
0 0.718380 0.593704 0.031602 0.037949
0 0.683119 0.224907 0.030762 0.029227
0 0.227946 0.784029 0.029040 0.038334
2 0.458150 0.455033 0.020067 0.030235
2 0.915134 0.245621 0.021883 0.028471
0 0.848551 0.633789 0.025217 0.038593
0 0.360000 0.616634 0.029139 0.039133
2 0.732419 0.433552 0.023747 0.029738
0 0.470616 0.708613 0.022477 0.035912
0 0.348040 0.707777 0.021694 0.036577
0 0.799568 0.753322 0.022713 0.042416
0 0.578201 0.816154 0.030594 0.035842
0 0.907122 0.715050 0.021264 0.038397
0 0.613525 0.712156 0.027107 0.035646
0 0.547618 0.704070 0.027139 0.035618
0 0.508844 0.604566 0.028158 0.031978
0 0.489022 0.813207 0.024120 0.032538
0 0.395694 0.803938 0.029313 0.037382
0 0.529008 0.761155 0.028698 0.026875
0 0.453364 0.628213 0.019631 0.044957
0 0.725439 0.832161 0.030378 0.038243
2 0.363226 0.572304 0.016565 0.021498
0 0.653672 0.650982 0.030945 0.031439
0 0.817876 0.812398 0.022912 0.035079
0 0.432433 0.745803 0.029559 0.034729
0 0.642770 0.760735 0.020776 0.033287
0 0.507469 0.660569 0.018423 0.029318
0 0.869196 0.675851 0.019673 0.038978
0 0.916588 0.834044 0.029297 0.035919
0 0.803047 0.677626 0.028599 0.023094
0 0.767568 0.614674 0.027827 0.031866
0 0.298854 0.726724 0.024320 0.036038
0 0.311187 0.813991 0.026987 0.039020
0 0.734672 0.690069 0.028315 0.030760
0 0.433812 0.679919 0.034762 0.030438
0 0.672264 0.744746 0.024656 0.031663
0 0.419428 0.583799 0.027302 0.030249
0 0.799020 0.632385 0.026278 0.029052
0 0.352363 0.749531 0.029145 0.024236
0 0.270361 0.822889 0.024687 0.031754
0 0.266331 0.726195 0.024913 0.036941
0 0.591264 0.585258 0.027727 0.028450
0 0.749026 0.803854 0.028672 0.030900
0 0.892862 0.800127 0.022650 0.039700
0 0.699568 0.702890 0.024997 0.031887
0 0.453495 0.825269 0.028347 0.022275
0 0.757770 0.729142 0.023395 0.028037
0 0.596281 0.642501 0.025422 0.031306
0 0.620427 0.482145 0.016969 0.031173
0 0.702994 0.249569 0.019080 0.028695
0 0.141281 0.777225 0.018019 0.029682
0 0.333850 0.608174 0.024356 0.026931