0 0.111297 0.201998 0.053499 0.097946
0 0.219408 0.278039 0.060848 0.111468
0 0.329420 0.302586 0.073125 0.103398
0 0.416984 0.143884 0.074102 0.098973
0 0.550466 0.221362 0.063610 0.103259
0 0.698836 0.089540 0.065753 0.106055
0 0.821613 0.096649 0.066507 0.105173
0 0.450363 0.324874 0.065636 0.100340
0 0.567210 0.340645 0.065625 0.100508
0 0.697999 0.324542 0.072450 0.107958
0 0.840301 0.316300 0.072712 0.107779
0 0.958482 0.299947 0.073605 0.094715
0 0.081097 0.508990 0.078309 0.101964
0 0.207383 0.539202 0.076317 0.105145
0 0.378956 0.621816 0.067310 0.102081
0 0.472550 0.530985 0.073449 0.108454
0 0.570912 0.525050 0.063733 0.110993
0 0.668862 0.502564 0.068951 0.103008
0 0.808870 0.492985 0.071133 0.110134
0 0.054950 0.735287 0.067042 0.103711
0 0.170000 0.747143 0.065714 0.094286
0 0.273700 0.807433 0.063326 0.101563
0 0.403666 0.769872 0.065681 0.098237
0 0.528175 0.780167 0.062321 0.101730
0 0.648108 0.789099 0.074185 0.108655
0 0.729118 0.682296 0.082121 0.099358
0 0.858591 0.696166 0.067093 0.102533
0 0.951847 0.675982 0.072612 0.102009
0 0.641225 0.936618 0.066066 0.087310
0 0.760332 0.898541 0.070765 0.101847
0 0.959330 0.906735 0.050134 0.111205