0 0.484758 0.201662 0.051649 0.083302
0 0.312052 0.188261 0.049203 0.075987
0 0.218428 0.193519 0.052477 0.081052
0 0.232344 0.390225 0.050938 0.082350
0 0.586746 0.287213 0.052343 0.078444
0 0.685743 0.594822 0.044838 0.082563
0 0.763652 0.307508 0.052175 0.081136
0 0.324739 0.717989 0.049964 0.075383
0 0.398342 0.180493 0.046517 0.084270
0 0.577160 0.181305 0.052746 0.086956
0 0.690444 0.159065 0.055381 0.089385
0 0.858239 0.182046 0.051117 0.080336
0 0.972256 0.178146 0.047485 0.076821
0 0.858785 0.298324 0.055622 0.085870
0 0.487162 0.311042 0.048823 0.071325
0 0.392791 0.280226 0.050513 0.080039
0 0.142346 0.269240 0.052600 0.080431
0 0.152145 0.472835 0.050384 0.076916
0 0.229526 0.606546 0.050429 0.082126
0 0.238203 0.722155 0.051968 0.086525
0 0.760278 0.402425 0.056372 0.079530
0 0.504097 0.404949 0.051979 0.079239
0 0.404386 0.382410 0.052326 0.074722
0 0.309811 0.530430 0.051335 0.080974
0 0.684906 0.493480 0.051761 0.078942
0 0.163970 0.702344 0.050865 0.078556
0 0.176372 0.828601 0.053596 0.087975
0 0.575954 0.494717 0.050580 0.074510
0 0.857089 0.411656 0.051593 0.083464
0 0.261168 0.943684 0.053238 0.085165
0 0.580613 0.597178 0.047160 0.082440
0 0.423716 0.934520 0.043965 0.076407
0 0.600600 0.813686 0.055068 0.080364
0 0.935715 0.410408 0.052729 0.062243
0 0.953964 0.720994 0.037205 0.076122
0 0.945128 0.842144 0.051542 0.075752
0 0.955920 0.304542 0.052913 0.084953
0 0.954398 0.945808 0.054928 0.088327
0 0.601143 0.942735 0.049606 0.082731
0 0.355046 0.933602 0.053932 0.084085
0 0.684296 0.278362 0.049746 0.081080
0 0.417927 0.491326 0.055969 0.083095
0 0.493668 0.614185 0.048380 0.036695
0 0.591590 0.710968 0.053512 0.078086
0 0.256360 0.823973 0.048537 0.082714
0 0.770290 0.699045 0.053328 0.079591
0 0.940844 0.508921 0.049410 0.072988
0 0.683938 0.824563 0.052690 0.078925
0 0.678652 0.932100 0.056736 0.081169
0 0.315824 0.398563 0.052494 0.081533
0 0.219564 0.500590 0.056573 0.056126
0 0.154865 0.576748 0.055062 0.081640
0 0.312408 0.283497 0.051749 0.080571
0 0.853854 0.515065 0.051089 0.081035
0 0.768241 0.593979 0.053126 0.075036
0 0.844542 0.940480 0.049914 0.082630
0 0.847029 0.834457 0.052382 0.076463
0 0.849215 0.616348 0.059461 0.077342
0 0.506707 0.711710 0.049041 0.080330
0 0.174645 0.932754 0.053949 0.080431
0 0.764856 0.185905 0.052578 0.078841
0 0.679799 0.396347 0.058739 0.078366
0 0.762130 0.506629 0.056327 0.078690
0 0.584592 0.380795 0.057760 0.079574
0 0.418607 0.832062 0.055628 0.075702
0 0.148617 0.380504 0.051822 0.073385
0 0.848787 0.719603 0.057295 0.074370
0 0.757852 0.820122 0.054061 0.077095