0 0.209542 0.140672 0.065804 0.102383
0 0.376660 0.191256 0.062673 0.097087
0 0.362238 0.049252 0.066094 0.093237
0 0.492483 0.103449 0.065234 0.098069
0 0.755036 0.158092 0.072338 0.097846
0 0.166091 0.339520 0.065988 0.105357
0 0.383052 0.378164 0.071819 0.106529
0 0.590301 0.389350 0.072031 0.104157
0 0.729202 0.323622 0.061618 0.108929
0 0.870617 0.404079 0.070318 0.099152
0 0.740999 0.489261 0.065904 0.103979
0 0.307673 0.553859 0.060993 0.101602
0 0.456660 0.515770 0.067305 0.102277
0 0.578373 0.634933 0.060820 0.093125
0 0.052679 0.722927 0.074754 0.104883
0 0.194841 0.643538 0.066825 0.104353
0 0.389760 0.701320 0.055525 0.091177
0 0.752550 0.673265 0.051529 0.093984
0 0.881540 0.617257 0.071942 0.104905
0 0.690059 0.838577 0.080262 0.099074
0 0.183382 0.884171 0.069096 0.104827