0 0.120477 0.346392 0.067282 0.105709
0 0.473069 0.185444 0.072935 0.112294
0 0.261925 0.333237 0.068270 0.101395
0 0.399029 0.365022 0.065190 0.116172
0 0.655296 0.211872 0.052857 0.113030
0 0.770020 0.112871 0.064481 0.110698
0 0.881303 0.325483 0.072628 0.109994
0 0.512469 0.455360 0.070095 0.104637
0 0.733089 0.407874 0.075854 0.105781
0 0.962132 0.447935 0.063605 0.105982
0 0.860552 0.578890 0.072388 0.102980
0 0.521922 0.640140 0.063086 0.106038
0 0.666303 0.635452 0.068510 0.103571
0 0.874668 0.759595 0.064291 0.108566
0 0.512754 0.773069 0.069637 0.107913
0 0.676518 0.818281 0.068203 0.106574
0 0.811680 0.931468 0.068069 0.105826
0 0.957241 0.944978 0.064302 0.089933
0 0.358092 0.944369 0.077857 0.101618