1 0.143449 0.251150 0.105921 0.143460
1 0.337173 0.257567 0.104376 0.139766
1 0.530193 0.259757 0.102186 0.138890
1 0.719910 0.263627 0.099277 0.138058
1 0.912382 0.263602 0.102211 0.139782
1 0.142507 0.510159 0.106633 0.139001
1 0.336306 0.512958 0.104895 0.140123
1 0.528053 0.517952 0.100051 0.136551
1 0.717169 0.517561 0.103660 0.141496
1 0.909759 0.520778 0.104761 0.139314
1 0.138898 0.768800 0.105954 0.144141
1 0.334518 0.770109 0.103003 0.142360
1 0.524819 0.771456 0.104401 0.142612
1 0.716994 0.773209 0.103417 0.140681
1 0.909855 0.780209 0.104209 0.140921