0 0.229413 0.282927 0.022975 0.022310
0 0.172429 0.258075 0.015620 0.024691
0 0.245527 0.199425 0.015741 0.023977
0 0.253796 0.234991 0.026252 0.024516
0 0.131996 0.277911 0.023180 0.023774
0 0.138241 0.347646 0.021190 0.035485
0 0.365195 0.192428 0.025396 0.027078
0 0.248855 0.379284 0.027428 0.026490
0 0.219034 0.515982 0.026892 0.026476
0 0.164845 0.480714 0.018712 0.033784
0 0.167643 0.528502 0.028016 0.025167
0 0.140045 0.562034 0.025375 0.025839
0 0.177191 0.330551 0.021532 0.028219
0 0.175760 0.610786 0.026735 0.025293
0 0.171195 0.646463 0.022141 0.031544
0 0.166381 0.712166 0.024997 0.023585
0 0.223733 0.654087 0.020403 0.028982
2 0.088542 0.167787 0.027218 0.041667
2 0.959260 0.174602 0.025270 0.038285
2 0.088857 0.918007 0.027911 0.040484
2 0.956845 0.921164 0.024860 0.035611
0 0.254200 0.745761 0.029465 0.020854
0 0.190306 0.762709 0.022298 0.034239
0 0.182113 0.833746 0.029465 0.029346
0 0.611173 0.308583 0.018602 0.027827
0 0.137052 0.830390 0.025091 0.029101
0 0.674138 0.872193 0.020487 0.027022
0 0.322785 0.882844 0.020203 0.032587
0 0.286324 0.632995 0.024503 0.041695
0 0.266287 0.804817 0.029202 0.030613
0 0.213074 0.830201 0.019132 0.039686
0 0.279481 0.719688 0.031838 0.031586
0 0.217070 0.613596 0.020161 0.040813
0 0.354765 0.585454 0.022303 0.039721
0 0.314345 0.592661 0.030447 0.023346
0 0.335163 0.702838 0.021595 0.040365
0 0.377964 0.544309 0.024293 0.034953
0 0.403034 0.416572 0.021689 0.037431
0 0.405793 0.315899 0.022660 0.039714
0 0.290837 0.343813 0.026924 0.033714
0 0.328550 0.468036 0.025559 0.031096
0 0.414761 0.628070 0.026756 0.033427
0 0.390040 0.646701 0.020954 0.034792
0 0.365434 0.657486 0.019195 0.033707
0 0.330015 0.634720 0.032794 0.029521
0 0.339678 0.756489 0.021059 0.037270
0 0.401722 0.839847 0.023968 0.036717
0 0.378176 0.882420 0.025401 0.032034
0 0.335328 0.851776 0.026504 0.036269
0 0.346887 0.807271 0.027885 0.028282
0 0.366074 0.768005 0.025160 0.037802
0 0.388564 0.728029 0.025417 0.029577
0 0.428112 0.523315 0.026808 0.035485
0 0.371726 0.466734 0.035004 0.028086
0 0.340891 0.359792 0.026446 0.033301
0 0.462295 0.439040 0.033607 0.025370
0 0.522030 0.576522 0.027365 0.032454
0 0.486446 0.617054 0.023369 0.028408
0 0.710827 0.412281 0.016654 0.039742
0 0.645038 0.423310 0.023054 0.037396
0 0.720312 0.554638 0.029271 0.033084
0 0.550322 0.507756 0.029239 0.027512
0 0.725098 0.377296 0.026504 0.024978
0 0.523141 0.376733 0.022036 0.027155
0 0.509332 0.436866 0.026131 0.033959
0 0.456078 0.660706 0.030489 0.030207
0 0.460541 0.733349 0.020870 0.035149
0 0.546712 0.279129 0.028761 0.031936
0 0.660435 0.240066 0.027690 0.032930
0 0.537390 0.470535 0.019652 0.032734
0 0.477206 0.540746 0.024251 0.028625
0 0.511608 0.250242 0.026693 0.028303
0 0.598013 0.240350 0.026840 0.035891
0 0.772023 0.242370 0.019600 0.032146
0 0.710888 0.303630 0.025081 0.034540
0 0.681496 0.390485 0.027643 0.032902
0 0.677451 0.481620 0.029328 0.036171
0 0.592700 0.511740 0.021652 0.037466
0 0.898065 0.366011 0.030567 0.036080
0 0.765244 0.451067 0.024713 0.038698
0 0.736974 0.780277 0.021978 0.036584
0 0.601142 0.770441 0.026042 0.031124
0 0.776202 0.654332 0.028242 0.038894
0 0.821216 0.242429 0.025454 0.036115
0 0.675668 0.732660 0.026813 0.040085
0 0.647768 0.580404 0.026708 0.038635
0 0.847987 0.510116 0.026724 0.037256
0 0.562056 0.685585 0.026656 0.032895
0 0.903512 0.658252 0.029901 0.030200
0 0.777399 0.854709 0.025963 0.033441
0 0.505256 0.728862 0.020886 0.035947
0 0.647954 0.343936 0.028383 0.030333
0 0.559904 0.829476 0.019579 0.033742
0 0.751215 0.633233 0.025249 0.034218
0 0.563261 0.607009 0.018712 0.036780
0 0.535899 0.779500 0.020240 0.039203
0 0.692301 0.657167 0.023411 0.033798
0 0.605421 0.608482 0.024656 0.026511
0 0.496467 0.873845 0.029381 0.032832
0 0.579569 0.352756 0.023921 0.028905
0 0.776071 0.518299 0.025217 0.030088
0 0.783432 0.367184 0.024115 0.025447
0 0.749756 0.266626 0.021794 0.028814
0 0.570200 0.731158 0.020251 0.033231
0 0.467561 0.820165 0.028336 0.030130
0 0.587153 0.836620 0.021469 0.034239
0 0.770886 0.896691 0.027081 0.029115
0 0.813589 0.528607 0.021070 0.032503
0 0.655229 0.528005 0.017972 0.036801
0 0.442769 0.759118 0.025186 0.027631
0 0.673545 0.776504 0.023921 0.034022
0 0.534111 0.847548 0.027396 0.036941
0 0.439107 0.395879 0.023753 0.033455
0 0.598979 0.649236 0.023627 0.037522
0 0.454860 0.897398 0.027433 0.040820
0 0.631392 0.711424 0.023527 0.037263
0 0.788548 0.789766 0.024141 0.036115
0 0.872456 0.722432 0.025742 0.039469
0 0.711169 0.786696 0.027596 0.024390
0 0.818732 0.812192 0.016014 0.033518
0 0.643809 0.873852 0.021584 0.034918
0 0.638034 0.212222 0.025732 0.031971
0 0.464728 0.199726 0.018166 0.034239
0 0.586974 0.567939 0.027013 0.029444