0 0.284569 0.092068 0.045129 0.088070
0 0.164009 0.106378 0.057995 0.080716
0 0.404230 0.085353 0.053344 0.082138
0 0.132563 0.359666 0.060603 0.085288
0 0.119440 0.240357 0.039460 0.085456
0 0.530327 0.201496 0.051419 0.083072
0 0.203030 0.226865 0.054027 0.080744
0 0.620193 0.054699 0.056467 0.085546
0 0.738684 0.057989 0.059635 0.080599
0 0.148351 0.497188 0.047048 0.082887
0 0.145443 0.627205 0.055449 0.088221
0 0.142419 0.735119 0.036527 0.078987
0 0.136112 0.859677 0.041284 0.083050
0 0.084110 0.124930 0.051179 0.080369
0 0.253987 0.342729 0.052947 0.076463
0 0.327423 0.209471 0.048190 0.073256
0 0.432072 0.205848 0.060418 0.085921
0 0.505241 0.075240 0.049130 0.081746
0 0.630104 0.195178 0.053065 0.079412
0 0.733779 0.184402 0.050686 0.078466
0 0.860480 0.110713 0.053831 0.087169
0 0.368852 0.337205 0.046522 0.078601
0 0.466125 0.340347 0.049360 0.072327
0 0.647285 0.333237 0.059489 0.074135
0 0.253456 0.477894 0.050350 0.078293
0 0.550479 0.335344 0.050591 0.077465
0 0.867439 0.248450 0.051016 0.076021
0 0.877986 0.363944 0.050664 0.085003
0 0.344536 0.473566 0.057111 0.081578
0 0.246975 0.620442 0.052667 0.082406
0 0.540417 0.616256 0.054139 0.087734
0 0.545076 0.475242 0.053451 0.078953
0 0.656186 0.484056 0.057570 0.080386
0 0.868326 0.480195 0.051839 0.080733
0 0.883728 0.597203 0.056853 0.079793
0 0.337278 0.594427 0.054704 0.082927
0 0.337751 0.849965 0.052729 0.085730
0 0.660215 0.735458 0.049600 0.076385
0 0.772542 0.726062 0.041905 0.074806
0 0.882211 0.719478 0.044553 0.089430
0 0.667787 0.853530 0.045280 0.083089
0 0.776132 0.853893 0.047048 0.080515
0 0.334969 0.725606 0.052427 0.082882
0 0.552580 0.745806 0.049634 0.081690
0 0.644831 0.604848 0.060480 0.088098
0 0.431467 0.740002 0.053512 0.084253
0 0.235231 0.867879 0.051285 0.081119
0 0.558667 0.865103 0.052068 0.072243
0 0.443253 0.471058 0.048397 0.083671
0 0.776432 0.597981 0.063395 0.083095
0 0.443902 0.871659 0.053400 0.081662
0 0.438256 0.599892 0.057486 0.071538