1 0.042111 0.027335 0.051833 0.031289
1 0.124968 0.028424 0.038351 0.033097
1 0.215919 0.030114 0.048883 0.040294
1 0.307981 0.027316 0.054363 0.028597
1 0.384437 0.032185 0.038517 0.036186
1 0.471506 0.027741 0.039181 0.031440
1 0.554075 0.029291 0.035291 0.033735
1 0.654969 0.028606 0.057012 0.034591
1 0.736530 0.030212 0.054347 0.031994
1 0.814362 0.030772 0.029566 0.035363
1 0.037611 0.086844 0.034452 0.027366
1 0.130575 0.094304 0.050607 0.039846
1 0.209218 0.092824 0.032476 0.036818
1 0.301449 0.092527 0.046266 0.037244
1 0.387782 0.085660 0.049303 0.024652
1 0.482027 0.089407 0.057155 0.029437
1 0.567399 0.086606 0.053509 0.025010
1 0.651332 0.093521 0.051920 0.039577
1 0.737811 0.093646 0.051833 0.038967
1 0.819091 0.086721 0.043752 0.023572
1 0.049560 0.146714 0.058032 0.025419
1 0.130369 0.147612 0.050671 0.023521
1 0.212436 0.150399 0.044147 0.029017
1 0.305621 0.151331 0.053470 0.033522
1 0.387786 0.151378 0.046337 0.033125
1 0.467734 0.146711 0.033899 0.021731
1 0.563018 0.153771 0.051548 0.033768
1 0.651059 0.155447 0.046899 0.036505
1 0.739799 0.155399 0.060065 0.039331
1 0.824571 0.156334 0.057194 0.042353
1 0.041862 0.211052 0.047856 0.029252
1 0.124696 0.208951 0.037615 0.028541
1 0.213072 0.210070 0.038335 0.027680
1 0.303142 0.211637 0.043451 0.030601
1 0.385825 0.208148 0.046638 0.027327
1 0.473566 0.215929 0.038920 0.040730
1 0.564184 0.211290 0.047555 0.032369
1 0.650118 0.207949 0.054347 0.021154
1 0.736142 0.209068 0.047800 0.026426
1 0.813702 0.208713 0.033970 0.027316
1 0.044317 0.271233 0.044590 0.029112
1 0.130171 0.269495 0.050955 0.027383
1 0.210285 0.274568 0.036398 0.038324
1 0.298990 0.277070 0.036667 0.040898
1 0.392772 0.275125 0.050236 0.037109
1 0.474977 0.269489 0.048923 0.024529
1 0.565430 0.275933 0.051026 0.037160
1 0.641677 0.275712 0.036342 0.038072
1 0.728381 0.275738 0.038082 0.037205
1 0.816307 0.268090 0.040288 0.024976
1 0.045764 0.336920 0.051248 0.032968
1 0.131607 0.337166 0.054316 0.035531
1 0.216603 0.330772 0.049129 0.024993
1 0.306935 0.332558 0.051621 0.026618
1 0.383809 0.333353 0.045463 0.029638
1 0.469832 0.337046 0.038058 0.039750
1 0.554017 0.333818 0.028952 0.032541
1 0.653058 0.333034 0.054029 0.027748
1 0.730504 0.333311 0.036231 0.024158
1 0.818563 0.333951 0.037588 0.027931
1 0.039694 0.395033 0.041063 0.029593
1 0.133730 0.393900 0.057135 0.028358
1 0.207102 0.397521 0.034654 0.035389
1 0.303589 0.397205 0.051283 0.034791
1 0.387229 0.398305 0.043157 0.038187
1 0.476931 0.398787 0.049056 0.038963
1 0.557374 0.399077 0.041988 0.036863
1 0.650665 0.393775 0.052523 0.026025
1 0.739313 0.393224 0.056327 0.027737
1 0.820987 0.397205 0.045683 0.031433
1 0.037984 0.459610 0.036733 0.038603
1 0.130585 0.453291 0.055974 0.024989
1 0.209149 0.462145 0.036286 0.043850
1 0.296032 0.461990 0.033282 0.039993
1 0.385177 0.456837 0.044545 0.034153
1 0.480426 0.458353 0.058382 0.036242
1 0.565967 0.456402 0.056256 0.031566
1 0.650857 0.457488 0.051464 0.032342
1 0.726053 0.460544 0.031689 0.040426
1 0.818144 0.461821 0.038835 0.043523
1 0.038957 0.519185 0.039400 0.034602
1 0.123706 0.518850 0.032803 0.031217
1 0.210035 0.520060 0.032238 0.038414
1 0.294432 0.519975 0.030191 0.030607
1 0.380820 0.517132 0.030497 0.032790
1 0.478704 0.520808 0.055127 0.039389
1 0.559280 0.514943 0.047102 0.025598
1 0.647477 0.515387 0.050146 0.029023
1 0.725908 0.519066 0.027289 0.034497
1 0.822811 0.517963 0.052781 0.033810
1 0.048110 0.574299 0.057598 0.026114
1 0.123616 0.576299 0.038521 0.029449
1 0.212695 0.581441 0.043737 0.035854
1 0.306346 0.581469 0.053738 0.033428
1 0.387844 0.580768 0.046083 0.034131
1 0.468013 0.574886 0.033164 0.024806
1 0.567297 0.580652 0.054319 0.033112
1 0.650414 0.582630 0.051362 0.042520
1 0.729073 0.577779 0.042106 0.030956
1 0.821199 0.582940 0.050264 0.041390
1 0.035874 0.638212 0.030819 0.022978
1 0.120184 0.635295 0.035093 0.023172
1 0.213510 0.638788 0.043267 0.030480
1 0.300679 0.641035 0.042624 0.033910
1 0.387884 0.639007 0.043306 0.029222
1 0.469872 0.637971 0.037964 0.030951
1 0.560241 0.642320 0.047330 0.036137
1 0.641598 0.641872 0.041761 0.037888
1 0.729025 0.640802 0.035658 0.032968
1 0.824846 0.642767 0.058343 0.041074
1 0.046036 0.698183 0.053040 0.027117
1 0.125537 0.697163 0.041188 0.022041
1 0.214052 0.703100 0.044349 0.039245
1 0.304986 0.697318 0.052319 0.025754
1 0.392672 0.700402 0.056743 0.029460
1 0.477366 0.702516 0.053597 0.033411
1 0.559755 0.703532 0.043298 0.037217
1 0.647100 0.697077 0.049816 0.024374
1 0.728202 0.705596 0.040443 0.040791
1 0.822019 0.701565 0.046773 0.032098
1 0.044028 0.759048 0.052758 0.027992
1 0.122317 0.765054 0.034168 0.040459
1 0.210549 0.759115 0.041125 0.025776
1 0.294981 0.756707 0.031744 0.022889
1 0.386252 0.761658 0.046365 0.032281
1 0.478108 0.764985 0.057982 0.036951
1 0.558747 0.764503 0.041376 0.039123
1 0.647022 0.763785 0.051354 0.035184
1 0.736450 0.760062 0.053127 0.027017
1 0.817599 0.766409 0.042592 0.035467
1 0.047557 0.823521 0.056837 0.034309
1 0.130922 0.827715 0.051236 0.042819
1 0.217573 0.826903 0.047314 0.037616
1 0.297361 0.826731 0.039047 0.039755
1 0.392025 0.822883 0.057064 0.028746
1 0.469056 0.823008 0.040600 0.027854
1 0.562963 0.818839 0.051111 0.023670
1 0.641296 0.820952 0.033878 0.027532
1 0.733979 0.823496 0.049079 0.033782
1 0.823505 0.821346 0.053589 0.028873
1 0.049813 0.890639 0.058084 0.040298
1 0.123659 0.884948 0.040647 0.035854
1 0.218938 0.884012 0.049824 0.028219
1 0.296773 0.881818 0.040569 0.027399
1 0.386562 0.879926 0.048695 0.025332
1 0.465012 0.888672 0.031697 0.039478
1 0.560045 0.888672 0.049275 0.040187
1 0.651124 0.886699 0.054554 0.035245
1 0.738364 0.880796 0.053895 0.021698
1 0.817249 0.886652 0.041439 0.036735