1 0.113699 0.129680 0.027338 0.037767
1 0.112922 0.185739 0.030856 0.039224
1 0.113392 0.244218 0.030210 0.037732
1 0.114066 0.303301 0.027402 0.038376
1 0.114615 0.362504 0.029349 0.037746
1 0.115190 0.420912 0.029376 0.038453
1 0.113922 0.477592 0.028856 0.040323
1 0.115148 0.535657 0.027979 0.039084
1 0.114171 0.590659 0.030867 0.042024
1 0.114334 0.650132 0.029218 0.038026
1 0.114460 0.707052 0.027979 0.037284
1 0.114365 0.767491 0.030100 0.040974
1 0.115016 0.827771 0.030195 0.040946
1 0.114575 0.882529 0.027643 0.037795
1 0.174967 0.126355 0.026714 0.038817
1 0.173868 0.181361 0.029607 0.037494
1 0.174744 0.241617 0.029617 0.038327
1 0.177419 0.301341 0.027050 0.039063
1 0.176949 0.359245 0.029880 0.039140
1 0.176283 0.420121 0.027759 0.039196
1 0.176490 0.472359 0.029381 0.040036
1 0.174765 0.532139 0.028410 0.039301
1 0.176052 0.589672 0.029596 0.040400
1 0.175881 0.646498 0.031113 0.038810
1 0.176170 0.704672 0.029832 0.038222
1 0.177335 0.766122 0.029864 0.041037
1 0.176498 0.824394 0.028273 0.037816
1 0.178228 0.879736 0.031513 0.040652
1 0.235735 0.123943 0.030357 0.035464
1 0.235286 0.178672 0.030793 0.041135
1 0.236031 0.240301 0.029008 0.039504
1 0.236318 0.299119 0.030767 0.041408
1 0.236580 0.358059 0.030000 0.040155
1 0.238142 0.418098 0.027580 0.040120
1 0.237286 0.474053 0.027622 0.038173
1 0.237612 0.532773 0.030174 0.039140
1 0.237719 0.589312 0.032531 0.041051
1 0.237932 0.647412 0.032988 0.041744
1 0.239376 0.707777 0.031339 0.038369
1 0.238615 0.767032 0.026383 0.038208
1 0.239909 0.826060 0.031828 0.040407
1 0.239313 0.881706 0.029617 0.038222
1 0.288312 0.120033 0.031681 0.042976
1 0.287965 0.176814 0.028551 0.040834
1 0.287414 0.236738 0.031733 0.038887
1 0.289674 0.296367 0.031150 0.039238
1 0.289627 0.356680 0.027528 0.040155
1 0.290564 0.415753 0.031775 0.041604
1 0.290766 0.471400 0.032053 0.041072
1 0.290330 0.529129 0.032494 0.038320
1 0.291402 0.585199 0.030279 0.041016
1 0.292144 0.643831 0.031187 0.040533
1 0.291690 0.704798 0.029460 0.040337
1 0.292701 0.764302 0.031618 0.042227
1 0.291738 0.824786 0.030363 0.039427
1 0.292683 0.879575 0.028063 0.039616
1 0.410624 0.117156 0.030735 0.041828
1 0.410188 0.171073 0.030525 0.038635
1 0.410180 0.230458 0.031465 0.041464
1 0.411503 0.291173 0.031812 0.040750
1 0.412020 0.352007 0.030042 0.038635
1 0.412351 0.410310 0.032699 0.036388
1 0.411986 0.465089 0.028788 0.038880
1 0.412666 0.525713 0.032804 0.041051
1 0.414073 0.581216 0.031313 0.040050
1 0.414448 0.642197 0.030415 0.040316
1 0.412918 0.701952 0.029549 0.039140
1 0.413645 0.766959 0.031224 0.041142
1 0.414112 0.824856 0.030846 0.043781
1 0.414212 0.885945 0.030237 0.042570
1 0.466931 0.111101 0.032358 0.042290
1 0.468553 0.165778 0.029848 0.039119
1 0.468963 0.226132 0.029208 0.041240
1 0.468396 0.285905 0.028966 0.039399
1 0.468768 0.346340 0.030321 0.041583
1 0.468947 0.406726 0.030909 0.038054
1 0.470015 0.461872 0.030588 0.040302
1 0.470168 0.520823 0.029360 0.041268
1 0.470538 0.576067 0.029250 0.040239
1 0.471856 0.635347 0.028504 0.039048
1 0.471953 0.696198 0.029013 0.041576
1 0.471530 0.762818 0.029806 0.043669
1 0.470627 0.822997 0.033334 0.037585
1 0.471651 0.884363 0.030909 0.038677
1 0.535067 0.104671 0.029895 0.038502
1 0.534531 0.157314 0.032657 0.039119
1 0.535429 0.219037 0.031071 0.040715
1 0.534466 0.279472 0.030594 0.039034
1 0.535369 0.340089 0.030457 0.039259
1 0.536687 0.398546 0.027843 0.039280
1 0.536246 0.454025 0.029386 0.041758
1 0.535540 0.513920 0.031597 0.037809
1 0.535351 0.568244 0.035219 0.041282
1 0.537036 0.634916 0.030336 0.039196
1 0.538225 0.696457 0.028683 0.040666
1 0.537781 0.765716 0.030462 0.041695
1 0.538955 0.826063 0.030499 0.041576
1 0.539469 0.888413 0.030720 0.041849
1 0.637199 0.091881 0.031245 0.039231
1 0.637383 0.145214 0.031413 0.041156
1 0.639013 0.206531 0.031901 0.042276
1 0.637546 0.268821 0.029082 0.037781
1 0.637661 0.326263 0.032421 0.039511
1 0.636490 0.384976 0.031035 0.040547
1 0.638585 0.442848 0.028725 0.038810
1 0.639801 0.502405 0.032185 0.040918
1 0.639276 0.558167 0.031618 0.039455
1 0.639137 0.624335 0.032547 0.041051
1 0.638614 0.686268 0.031670 0.042731
1 0.640633 0.755667 0.030678 0.042276
1 0.641087 0.816693 0.030882 0.040295
1 0.640843 0.877195 0.032830 0.039420
1 0.743592 0.087632 0.031203 0.041751
1 0.743991 0.139246 0.030552 0.040673
1 0.743196 0.199212 0.031450 0.043445
1 0.743786 0.260298 0.032641 0.041177
1 0.745225 0.321541 0.032599 0.042626
1 0.745763 0.381405 0.034358 0.040617
1 0.745556 0.437626 0.030961 0.039819
1 0.747005 0.496675 0.029250 0.039623
1 0.747149 0.553466 0.028814 0.037207
1 0.746259 0.620145 0.029355 0.044180
1 0.747866 0.680479 0.031801 0.042045
1 0.748294 0.752468 0.026441 0.035009
1 0.748197 0.811425 0.031339 0.041184
1 0.747039 0.874160 0.032080 0.040687