0 0.124520 0.142556 0.065056 0.103404
0 0.092573 0.327003 0.057645 0.098504
0 0.115128 0.637229 0.067589 0.106323
0 0.227712 0.393075 0.061842 0.111496
0 0.393052 0.344386 0.062187 0.102790
0 0.448982 0.234724 0.074894 0.110631
0 0.615363 0.189503 0.069408 0.105859
0 0.776456 0.065974 0.073650 0.107606
0 0.936995 0.074520 0.071211 0.107143
0 0.591445 0.381858 0.058672 0.104732
0 0.738013 0.382659 0.066395 0.103834
0 0.798546 0.562439 0.068521 0.106551
0 0.242430 0.620206 0.070776 0.110926
0 0.445725 0.630232 0.067690 0.108131
0 0.697634 0.735851 0.064342 0.107930
0 0.818594 0.709255 0.067266 0.108454
0 0.915349 0.683817 0.070251 0.104096
0 0.120603 0.895047 0.068337 0.113700
0 0.961833 0.500123 0.073845 0.103538
0 0.340382 0.850614 0.070329 0.118326
0 0.675282 0.909277 0.061289 0.108644
0 0.879640 0.952168 0.058644 0.092093