1 0.129675 0.090533 0.029911 0.038551
1 0.129274 0.145588 0.029192 0.040687
1 0.127678 0.266395 0.029024 0.039497
1 0.128686 0.388689 0.030578 0.041422
1 0.312710 0.443699 0.027449 0.037599
1 0.191879 0.561852 0.028940 0.041898
1 0.127507 0.684791 0.030247 0.041443
1 0.907040 0.854671 0.029428 0.038544
1 0.563246 0.254802 0.031670 0.041289
1 0.493749 0.439313 0.031770 0.040729
1 0.559927 0.612770 0.030011 0.039707
1 0.437516 0.618535 0.029391 0.038901
1 0.257369 0.266668 0.030762 0.041751
1 0.256017 0.682733 0.029433 0.041163
1 0.191700 0.806070 0.029423 0.040596
1 0.772873 0.242265 0.030573 0.039469
1 0.438784 0.085923 0.029407 0.043445
1 0.663761 0.539052 0.029827 0.038999
1 0.770888 0.662515 0.029764 0.041807
1 0.559951 0.807799 0.027338 0.039434
1 0.434289 0.807386 0.030510 0.041982
1 0.311684 0.559868 0.029544 0.041625
1 0.494608 0.322630 0.028163 0.037830
1 0.667263 0.122476 0.030310 0.039630
1 0.312702 0.086330 0.030636 0.043011
1 0.255573 0.806182 0.029155 0.042206
1 0.909269 0.311474 0.028457 0.042304
1 0.841941 0.417783 0.031350 0.039784
1 0.771592 0.417059 0.030363 0.040939
1 0.841960 0.601552 0.030000 0.041506
1 0.770744 0.734196 0.029255 0.039196
1 0.665522 0.666142 0.028152 0.040757
1 0.561938 0.432789 0.029748 0.039063
1 0.667024 0.305965 0.027795 0.040498
1 0.438022 0.202250 0.030772 0.042325
1 0.908374 0.548671 0.030268 0.040414
1 0.258618 0.386348 0.028725 0.041009
1 0.312545 0.504998 0.029155 0.041065
1 0.494639 0.497105 0.027375 0.042346
1 0.309975 0.682708 0.032279 0.041338
1 0.438574 0.386078 0.027360 0.040540
1 0.773206 0.119746 0.030452 0.037305
1 0.663782 0.859032 0.031549 0.042423
1 0.193197 0.442162 0.030273 0.043137
1 0.125837 0.804884 0.031234 0.038950
1 0.666688 0.366669 0.029171 0.040813
1 0.494965 0.137699 0.030410 0.041303
1 0.257219 0.145007 0.029591 0.041205
1 0.436069 0.500389 0.029239 0.040540
1 0.312463 0.326476 0.028478 0.041954
1 0.494432 0.616064 0.027360 0.041170
1 0.435072 0.744659 0.030541 0.040827
1 0.126533 0.507721 0.032657 0.040211
1 0.310531 0.203972 0.029129 0.039777
1 0.665887 0.182684 0.030289 0.040141
1 0.842676 0.362830 0.029565 0.038341
1 0.664606 0.736997 0.028452 0.037025
1 0.256839 0.504827 0.029796 0.040904
1 0.492972 0.741946 0.030930 0.042990
1 0.909127 0.670317 0.028898 0.039112
1 0.193984 0.206247 0.026630 0.039329
1 0.192658 0.326991 0.030163 0.039847
1 0.192845 0.622928 0.028751 0.041863
1 0.311996 0.621258 0.029601 0.041324
1 0.191075 0.744277 0.028677 0.042010
1 0.310652 0.743077 0.031292 0.040869
1 0.191488 0.861839 0.029649 0.040631
1 0.307935 0.859452 0.031980 0.041485
1 0.563130 0.077663 0.031187 0.040155
1 0.560783 0.548062 0.030273 0.043452
1 0.493038 0.676338 0.031639 0.039434
1 0.493167 0.862259 0.029785 0.042353
1 0.844249 0.068331 0.030347 0.040911
1 0.843942 0.180885 0.027601 0.040281
1 0.772086 0.300988 0.030499 0.040652
1 0.842684 0.477756 0.028604 0.039322
1 0.771135 0.535041 0.031402 0.040302