1 0.042626 0.236442 0.031695 0.029388
1 0.041130 0.303535 0.030764 0.046797
1 0.039937 0.375995 0.029060 0.049684
1 0.039931 0.460746 0.029322 0.030192
1 0.038393 0.533358 0.028108 0.031521
1 0.041728 0.606485 0.035892 0.037350
1 0.037321 0.675374 0.024850 0.047279
1 0.040760 0.751482 0.032783 0.045052
1 0.038260 0.831136 0.028856 0.032131
1 0.037870 0.900820 0.026031 0.044603
1 0.092732 0.232871 0.020869 0.037594
1 0.100908 0.302330 0.036066 0.046759
1 0.100168 0.378624 0.035759 0.047097
1 0.092541 0.450801 0.022590 0.050183
1 0.094423 0.523812 0.027003 0.048554
1 0.090820 0.605447 0.021019 0.038242
1 0.094614 0.681095 0.033876 0.040647
1 0.095730 0.759588 0.034803 0.028718
1 0.097515 0.827610 0.032397 0.042265
1 0.090617 0.907660 0.022448 0.028452
1 0.157166 0.227637 0.035551 0.043484
1 0.154962 0.302405 0.036262 0.049756
1 0.155920 0.381402 0.036631 0.039412
1 0.152188 0.456926 0.031636 0.039063
1 0.145724 0.535406 0.020379 0.027383
1 0.150623 0.605053 0.029280 0.039672
1 0.151213 0.676756 0.029804 0.042487
1 0.147251 0.756253 0.024497 0.035555
1 0.145874 0.827668 0.021376 0.043246
1 0.144708 0.897221 0.019951 0.048465
1 0.204818 0.239076 0.024422 0.028773
1 0.205456 0.305992 0.021950 0.043268
1 0.205124 0.379937 0.019980 0.045091
1 0.206134 0.452671 0.028083 0.043894
1 0.210246 0.534605 0.038194 0.034735
1 0.202994 0.604671 0.021954 0.039085
1 0.204349 0.679959 0.024738 0.038187
1 0.204461 0.756951 0.023782 0.034924
1 0.202876 0.831835 0.023903 0.030003
1 0.204920 0.903693 0.026546 0.042913
1 0.259687 0.236331 0.020861 0.034364
1 0.265721 0.311198 0.032837 0.030086
1 0.265224 0.387248 0.033099 0.030070
1 0.265698 0.452745 0.032709 0.046748
1 0.258887 0.529917 0.020674 0.036985
1 0.264603 0.601668 0.034799 0.042343
1 0.264823 0.683572 0.037957 0.031339
1 0.262614 0.758339 0.030199 0.028502
1 0.257711 0.824510 0.020616 0.042049
1 0.259614 0.904258 0.025436 0.040719
1 0.318760 0.237026 0.025303 0.034702
1 0.318492 0.312098 0.024909 0.033616
1 0.319654 0.376405 0.025411 0.051291
1 0.320313 0.460691 0.029147 0.031366
1 0.322008 0.533802 0.034309 0.033649
1 0.317175 0.604970 0.024252 0.039639
1 0.316934 0.676111 0.024950 0.046792
1 0.312429 0.754386 0.022590 0.043024
1 0.317871 0.826768 0.031512 0.043473
1 0.318505 0.902781 0.032056 0.043794
1 0.375754 0.233192 0.030997 0.040752
1 0.373244 0.304895 0.024771 0.050371
1 0.376120 0.380942 0.024323 0.046869
1 0.380012 0.458353 0.035198 0.031721
1 0.379010 0.529108 0.031890 0.046260
1 0.377869 0.603751 0.032077 0.040171
1 0.375447 0.676834 0.030988 0.045124
1 0.374834 0.758871 0.030294 0.029078
1 0.370934 0.824169 0.025544 0.051939
1 0.372650 0.904624 0.027140 0.037683
1 0.437379 0.239254 0.039304 0.035045
1 0.436420 0.316035 0.034234 0.028269
1 0.432605 0.381865 0.029588 0.045335
1 0.430429 0.454832 0.027298 0.043351
1 0.434275 0.525515 0.031275 0.049579
1 0.430737 0.604471 0.029284 0.036292
1 0.434570 0.683289 0.034500 0.031228