1 0.277292 0.175086 0.033656 0.049241
1 0.352394 0.128524 0.032422 0.073781
1 0.504403 0.102635 0.052124 0.104527
1 0.178674 0.296437 0.028707 0.065902
1 0.246372 0.325208 0.033818 0.057020
1 0.317221 0.309314 0.029239 0.041689
1 0.364318 0.270783 0.036748 0.044592
1 0.408207 0.211627 0.035680 0.061397
1 0.491949 0.225271 0.035726 0.047396
1 0.582542 0.239157 0.039736 0.048083
1 0.184036 0.416550 0.027572 0.034774
1 0.241352 0.405618 0.030394 0.049690
1 0.301317 0.388049 0.032306 0.061591
1 0.417944 0.333466 0.031167 0.043717
1 0.368781 0.389495 0.031080 0.048194
1 0.491410 0.325349 0.034275 0.047739
1 0.593723 0.349457 0.034761 0.048227
1 0.431358 0.412350 0.032837 0.043805
1 0.569126 0.444110 0.022070 0.030929
1 0.477662 0.420027 0.037313 0.049451
1 0.204845 0.475632 0.026920 0.035151
1 0.293328 0.473141 0.034005 0.042625
1 0.374173 0.476161 0.030336 0.038846
1 0.209161 0.540633 0.030573 0.036231
1 0.611307 0.514032 0.034508 0.073465
1 0.257750 0.534932 0.029455 0.038680
1 0.203852 0.626521 0.031009 0.043866
1 0.489393 0.506081 0.028503 0.042226
1 0.423317 0.499440 0.024909 0.035295
1 0.379715 0.547526 0.028337 0.038558
1 0.516475 0.596958 0.031329 0.044515
1 0.575787 0.579363 0.024323 0.034768
1 0.259462 0.605037 0.019141 0.033167
1 0.313684 0.588716 0.029289 0.044653
1 0.434404 0.576427 0.033386 0.046637
1 0.366807 0.632303 0.032634 0.043030
1 0.499755 0.678665 0.032206 0.046925
1 0.435865 0.652385 0.045084 0.044243
1 0.570942 0.663572 0.032135 0.051856
1 0.621707 0.720487 0.031080 0.048332
1 0.279827 0.670304 0.021954 0.027155
1 0.221624 0.710345 0.021555 0.031062
1 0.324472 0.692093 0.015559 0.021509
1 0.267316 0.731605 0.029322 0.041090
1 0.368831 0.728158 0.014200 0.023316
1 0.445982 0.733729 0.024551 0.039434
1 0.556734 0.756458 0.031470 0.047911
1 0.503786 0.758757 0.028183 0.041916
1 0.320718 0.741257 0.022029 0.032236
1 0.206252 0.797969 0.031736 0.042891
1 0.302628 0.814556 0.038335 0.040858
1 0.375069 0.791628 0.022561 0.034220
1 0.448074 0.821000 0.030315 0.052660
1 0.576384 0.862126 0.036195 0.047778
1 0.216728 0.882488 0.023001 0.031965
1 0.402903 0.862007 0.029866 0.045811
1 0.637278 0.972260 0.033897 0.046637
1 0.497885 0.833012 0.033128 0.050454
1 0.255608 0.834616 0.023982 0.035057
1 0.358995 0.876618 0.016061 0.020745
1 0.262244 0.923751 0.028503 0.039966
1 0.218962 0.957236 0.030544 0.041345
1 0.325322 0.901917 0.025985 0.035516
1 0.312124 0.953427 0.030922 0.040653
1 0.402244 0.934076 0.020263 0.028879
1 0.450316 0.941359 0.020371 0.030746
1 0.554222 0.976363 0.018883 0.023548
1 0.494999 0.923922 0.034554 0.048620