0 0.058353 0.177944 0.048263 0.082417
0 0.580173 0.148533 0.041211 0.085848
0 0.688572 0.239678 0.050082 0.091025
0 0.305040 0.095555 0.044357 0.082473
0 0.755619 0.136145 0.047054 0.081119
0 0.852055 0.134486 0.053680 0.086329
0 0.234445 0.190623 0.050552 0.085803
0 0.768667 0.244121 0.055365 0.085988
0 0.404417 0.173898 0.053786 0.084488
0 0.316787 0.183101 0.046170 0.082837
0 0.667566 0.120820 0.054105 0.092519
0 0.942693 0.129872 0.051576 0.084096
0 0.500772 0.266089 0.058985 0.087695
0 0.062189 0.292286 0.050563 0.075159
0 0.155245 0.168055 0.056596 0.087376
0 0.592538 0.270942 0.057614 0.080733
0 0.128142 0.393496 0.042773 0.079692
0 0.134111 0.287619 0.055426 0.083318
0 0.055656 0.401566 0.050725 0.084729
0 0.416363 0.293957 0.051531 0.083895
0 0.331550 0.299228 0.058583 0.081231
0 0.244465 0.297376 0.052404 0.091372
0 0.486731 0.385955 0.056836 0.089066
0 0.215538 0.408931 0.050658 0.081371
0 0.138795 0.510104 0.052169 0.083682
0 0.051735 0.503330 0.054760 0.082166
0 0.161804 0.621558 0.058532 0.084315
0 0.307483 0.411886 0.057491 0.081080
0 0.228169 0.512981 0.056892 0.082541
0 0.402831 0.405397 0.057810 0.080324
0 0.580923 0.391484 0.052897 0.080615
0 0.857713 0.251617 0.053076 0.083867
0 0.858091 0.349584 0.050238 0.079205
0 0.762382 0.376615 0.056506 0.083514
0 0.584163 0.508658 0.047636 0.086743
0 0.406950 0.519889 0.052841 0.080263
0 0.312990 0.527414 0.060681 0.087644
0 0.671646 0.497406 0.054475 0.079418
0 0.490995 0.494020 0.053009 0.085305
0 0.069420 0.619432 0.053417 0.075595
0 0.669054 0.370221 0.057105 0.082904
0 0.963811 0.254679 0.056428 0.078002
0 0.942313 0.368626 0.046573 0.081751
0 0.871525 0.465350 0.042487 0.081018
0 0.418394 0.627742 0.055068 0.083878
0 0.589234 0.607542 0.050143 0.078522
0 0.768896 0.494451 0.054816 0.083402
0 0.942131 0.490260 0.050182 0.080168
0 0.870352 0.598000 0.044429 0.076205
0 0.697878 0.604305 0.049936 0.075584
0 0.506760 0.604540 0.055180 0.079636
0 0.326575 0.639100 0.052382 0.082406
0 0.246393 0.616855 0.052331 0.073161
0 0.159927 0.737044 0.049550 0.080565
0 0.334007 0.750932 0.045901 0.073945
0 0.496074 0.734257 0.053014 0.083520
0 0.256114 0.839102 0.045168 0.075847
0 0.682290 0.710143 0.051901 0.088154
0 0.861787 0.724352 0.044614 0.067738
0 0.252695 0.728793 0.055768 0.086346
0 0.503072 0.855656 0.055784 0.081947
0 0.590955 0.719195 0.053238 0.079563
0 0.771798 0.833604 0.054844 0.086788
0 0.328746 0.864826 0.044950 0.075875
0 0.871494 0.831849 0.047575 0.083928
0 0.084978 0.942923 0.048033 0.083576
0 0.959135 0.834284 0.049393 0.085753
0 0.594452 0.945811 0.055074 0.079714
0 0.414818 0.854797 0.055124 0.073413
0 0.596655 0.833360 0.047905 0.079205
0 0.169275 0.848851 0.058812 0.083290
0 0.678638 0.830431 0.047239 0.070939
0 0.770250 0.707110 0.053999 0.067962
0 0.951648 0.608827 0.052359 0.083553
0 0.957017 0.727570 0.054771 0.082468
0 0.864803 0.955565 0.046069 0.076088
0 0.688328 0.944106 0.052975 0.084163
0 0.074462 0.727531 0.047429 0.067503
0 0.780911 0.944691 0.049589 0.076233
0 0.262947 0.950187 0.060010 0.082938
0 0.066932 0.838523 0.060676 0.080912