0 0.273821 0.332360 0.021967 0.023816
0 0.856327 0.478673 0.024619 0.027001
0 0.275648 0.412967 0.022272 0.025909
0 0.746753 0.490469 0.025112 0.021050
0 0.512672 0.680549 0.024682 0.021897
0 0.509340 0.558457 0.020644 0.028135
0 0.357199 0.509171 0.023537 0.024670
0 0.537390 0.395182 0.027664 0.025370
0 0.589836 0.518376 0.027759 0.019167
0 0.418911 0.447136 0.027769 0.023304
0 0.575623 0.566336 0.019127 0.030578
0 0.380804 0.715029 0.022330 0.028849
0 0.822799 0.514389 0.025291 0.028443
0 0.442199 0.742398 0.023648 0.026714
0 0.357241 0.619449 0.020650 0.027036
0 0.293533 0.576914 0.025994 0.025286
0 0.773340 0.696888 0.025490 0.023269
0 0.557809 0.459905 0.020555 0.030837
0 0.619855 0.398322 0.023585 0.030977
0 0.616408 0.439922 0.030699 0.025734
0 0.547849 0.326403 0.024293 0.020539
0 0.531799 0.520956 0.023275 0.026189
0 0.324450 0.710255 0.022734 0.024761
0 0.477513 0.782370 0.022744 0.024222
0 0.576020 0.724231 0.025601 0.025580
0 0.819483 0.820964 0.026966 0.024264
0 0.806186 0.452757 0.025606 0.026469
0 0.560219 0.793746 0.019946 0.030718
0 0.670518 0.792587 0.027317 0.026301
0 0.406421 0.665806 0.020996 0.032790
0 0.563330 0.680864 0.024729 0.028044
0 0.367051 0.775772 0.020550 0.028527
0 0.294544 0.790627 0.020308 0.031635
0 0.371635 0.306697 0.022356 0.028632
0 0.619127 0.516882 0.020429 0.034785
0 0.696124 0.731319 0.023842 0.031663
0 0.527118 0.761372 0.019489 0.027561
0 0.285576 0.667797 0.024824 0.022212
0 0.844608 0.636393 0.025784 0.031705
0 0.443580 0.532748 0.024960 0.025174
0 0.327235 0.537074 0.017751 0.028436
0 0.452046 0.479685 0.025459 0.023886
0 0.715555 0.588108 0.023149 0.027596
0 0.629759 0.790799 0.022897 0.029584
0 0.564427 0.359109 0.025517 0.022667
0 0.434604 0.580264 0.022088 0.029157
0 0.759710 0.797096 0.020912 0.029563
0 0.833759 0.738236 0.023206 0.026455
0 0.773480 0.422575 0.021348 0.032230
0 0.564592 0.261442 0.019463 0.028065
0 0.509810 0.330145 0.019484 0.032083
0 0.719472 0.454004 0.019967 0.028975
0 0.686985 0.451455 0.021043 0.030795
0 0.445496 0.684525 0.020256 0.024194
0 0.360955 0.565199 0.019542 0.027155
0 0.349134 0.672512 0.022183 0.024754
0 0.845656 0.427167 0.022303 0.026126
0 0.684473 0.344520 0.024839 0.022471
0 0.395928 0.792745 0.017001 0.027456
0 0.500378 0.473731 0.020728 0.032475
0 0.258356 0.570708 0.017006 0.031999
0 0.274215 0.279892 0.023532 0.024362
0 0.467653 0.565587 0.021684 0.016479
0 0.448904 0.307887 0.024299 0.020833
0 0.374210 0.399575 0.023086 0.024957
0 0.324489 0.351531 0.019347 0.029885
0 0.389176 0.588934 0.015972 0.030298
0 0.653452 0.310340 0.018103 0.028653
0 0.614452 0.282514 0.018849 0.030109
0 0.517812 0.275419 0.019410 0.029906
0 0.734858 0.304225 0.021505 0.027218
0 0.689745 0.267599 0.017090 0.027610
0 0.464169 0.379543 0.022414 0.026070
0 0.405281 0.535300 0.021196 0.026595
0 0.817740 0.584502 0.025632 0.023914
0 0.401522 0.489804 0.018066 0.029003
0 0.735430 0.365350 0.019395 0.032125
0 0.471554 0.272842 0.023406 0.027092
0 0.612901 0.329546 0.021710 0.021869
0 0.654386 0.442225 0.019626 0.022835
0 0.829086 0.392169 0.024824 0.027337
0 0.736480 0.417927 0.023501 0.021533
0 0.853938 0.292465 0.022813 0.029850
0 0.495524 0.396659 0.019915 0.026266
0 0.307759 0.443223 0.023627 0.025461
0 0.697184 0.395231 0.018371 0.030662
0 0.382668 0.355763 0.028987 0.026336
0 0.590595 0.626775 0.018660 0.024173
0 0.856180 0.784841 0.014150 0.028156
0 0.621175 0.720189 0.021836 0.024439
0 0.673587 0.530889 0.022818 0.025937
0 0.742681 0.258079 0.026168 0.031292
0 0.279796 0.514480 0.019027 0.026007
0 0.772482 0.345605 0.022975 0.021729
0 0.327907 0.393992 0.027801 0.027764
0 0.668357 0.674710 0.026021 0.020917
0 0.427012 0.626820 0.022456 0.020763
0 0.790459 0.390124 0.022524 0.023571
0 0.306964 0.300599 0.018570 0.023129
0 0.387606 0.272377 0.020119 0.031579
0 0.489116 0.626715 0.019752 0.025230
0 0.701211 0.642165 0.025039 0.026406
0 0.428367 0.405466 0.021091 0.034358
0 0.790732 0.290088 0.025065 0.024467
0 0.774763 0.629872 0.021238 0.030956
0 0.608713 0.466828 0.025412 0.016864
0 0.845785 0.338041 0.016523 0.022520
0 0.620626 0.591758 0.018943 0.024859
0 0.643232 0.643719 0.019284 0.024740
0 0.750144 0.588237 0.020324 0.021218
0 0.793788 0.776945 0.013294 0.027680
0 0.783256 0.540368 0.025349 0.025685
0 0.594658 0.357842 0.016696 0.015597
0 0.292898 0.732369 0.016575 0.021680
0 0.824064 0.671238 0.021910 0.026210
0 0.808276 0.631521 0.017772 0.024565
0 0.634784 0.696874 0.020912 0.023185