0 0.284749 0.247665 0.021668 0.022072
0 0.247784 0.285363 0.017431 0.025685
0 0.345511 0.274292 0.021668 0.032062
0 0.272616 0.337114 0.023075 0.025580
0 0.736131 0.342766 0.025270 0.030417
0 0.336064 0.378213 0.024519 0.019853
0 0.264037 0.440132 0.020524 0.023536
0 0.536823 0.506892 0.018707 0.034953
0 0.794042 0.532129 0.017289 0.030207
0 0.667536 0.378420 0.019894 0.025363
0 0.548936 0.269377 0.017394 0.028884
0 0.474793 0.275863 0.023595 0.020602
0 0.842716 0.658490 0.019699 0.022947
0 0.728983 0.798975 0.019258 0.026294
0 0.603613 0.511785 0.018560 0.033833
0 0.466143 0.431392 0.019747 0.026441
0 0.365179 0.587551 0.026257 0.023949
0 0.863814 0.492482 0.020009 0.026210
0 0.801671 0.397335 0.022109 0.021050
0 0.359470 0.488736 0.024824 0.024376
0 0.598704 0.385301 0.021521 0.026805
0 0.522949 0.557974 0.026126 0.023262
0 0.577400 0.681063 0.023669 0.020504
0 0.680753 0.489037 0.017599 0.028268
0 0.554391 0.613617 0.017121 0.023564
0 0.582737 0.553511 0.019579 0.024964
0 0.686907 0.668109 0.016444 0.022709
0 0.499680 0.793424 0.019983 0.030340
0 0.493369 0.678844 0.015152 0.027939
0 0.842952 0.738985 0.022702 0.024537
0 0.743679 0.769118 0.019164 0.031222
0 0.606183 0.455603 0.021505 0.031446
0 0.661595 0.593918 0.022303 0.024642
0 0.781499 0.639956 0.023464 0.020980
0 0.305391 0.625602 0.021043 0.018733
0 0.760393 0.444017 0.015084 0.028506
0 0.492096 0.557428 0.019127 0.025629
0 0.546156 0.391700 0.021768 0.026763
0 0.429275 0.732152 0.024325 0.022590
0 0.416465 0.683975 0.018171 0.029619
0 0.728132 0.476937 0.015247 0.027687
0 0.533904 0.343568 0.020345 0.021855
0 0.438353 0.397958 0.025669 0.025363
0 0.288104 0.562766 0.023359 0.022415
0 0.253410 0.599448 0.020282 0.026168
0 0.394802 0.486339 0.020954 0.026273
0 0.408447 0.435900 0.021584 0.024971
0 0.294205 0.496822 0.022067 0.025118
0 0.342529 0.654451 0.018770 0.030592
0 0.423952 0.626173 0.017909 0.026217
0 0.762375 0.562591 0.024708 0.021617
0 0.605248 0.316021 0.016045 0.027820
0 0.334817 0.445008 0.018318 0.028345
0 0.502229 0.608640 0.025868 0.018901
0 0.584160 0.298699 0.018528 0.027673
0 0.834835 0.395966 0.023595 0.022709
0 0.648592 0.246636 0.020303 0.028471
0 0.393555 0.623439 0.019752 0.027302
0 0.435124 0.307593 0.024797 0.024516
0 0.312468 0.296213 0.017841 0.029479
0 0.828453 0.324415 0.019064 0.025706
0 0.459124 0.635819 0.019442 0.024257
0 0.267702 0.652494 0.019694 0.029003
0 0.827912 0.487382 0.023831 0.029213
0 0.825930 0.264288 0.017484 0.025356
0 0.608784 0.632483 0.019158 0.023003
0 0.502098 0.322882 0.015399 0.028016
0 0.648755 0.507984 0.023380 0.024775
0 0.787015 0.474301 0.017578 0.026308
0 0.670455 0.537130 0.016754 0.023662
0 0.710184 0.396582 0.020450 0.028520
0 0.494240 0.634507 0.021495 0.017809
0 0.769300 0.389403 0.022356 0.025713
0 0.794342 0.346750 0.024430 0.024691
0 0.672928 0.318184 0.022120 0.026602
0 0.791633 0.722289 0.021301 0.029675
0 0.741668 0.675676 0.023217 0.022275
0 0.471520 0.375518 0.023611 0.021771
0 0.720338 0.263220 0.020303 0.031593
0 0.708979 0.532626 0.017914 0.027505
0 0.753308 0.279006 0.014680 0.026217
0 0.434602 0.277211 0.022429 0.022639
0 0.643549 0.803602 0.020098 0.027022
0 0.595884 0.800127 0.018486 0.029843
0 0.409665 0.554400 0.014864 0.030886
0 0.840490 0.552692 0.019164 0.027022
0 0.436726 0.572178 0.014664 0.024887
0 0.412545 0.339963 0.022597 0.023606
0 0.282610 0.408952 0.022776 0.025706
0 0.499963 0.747536 0.023816 0.021001
0 0.788803 0.679768 0.020681 0.022100
0 0.605206 0.745107 0.017295 0.027610
0 0.754129 0.501736 0.017510 0.018327
0 0.808518 0.773238 0.023285 0.024691
0 0.372994 0.819416 0.022240 0.027106
0 0.301424 0.445841 0.017919 0.019832
0 0.711594 0.696877 0.019258 0.017312
0 0.842382 0.792706 0.021196 0.018964
0 0.565627 0.749842 0.021511 0.020028
0 0.461547 0.766161 0.017536 0.025727
0 0.549894 0.812878 0.020182 0.028576
0 0.424369 0.807771 0.019867 0.029605
0 0.324615 0.787879 0.021091 0.018621
0 0.696762 0.625648 0.020896 0.024579
0 0.272729 0.741729 0.022807 0.028261
0 0.865271 0.623439 0.017211 0.021701
0 0.592773 0.584975 0.019111 0.018474
0 0.635616 0.279265 0.015856 0.025699
0 0.613520 0.709005 0.020597 0.019881
0 0.716416 0.580474 0.018350 0.025447
0 0.618702 0.679278 0.016974 0.021372
0 0.547211 0.718424 0.019153 0.018348
0 0.382618 0.772212 0.017925 0.021883
0 0.685760 0.756566 0.017982 0.027022
0 0.650564 0.695390 0.017190 0.019153
0 0.519263 0.719835 0.020476 0.020259
0 0.324395 0.690584 0.024682 0.018026
0 0.285608 0.688886 0.018019 0.023942
0 0.664511 0.663079 0.015599 0.031075
0 0.635020 0.580551 0.020041 0.022240
0 0.329390 0.539388 0.023164 0.022310
0 0.733758 0.719034 0.023768 0.018334
0 0.490192 0.483542 0.020476 0.023255
0 0.376428 0.661171 0.022230 0.020245
0 0.264630 0.789234 0.020702 0.022898
0 0.392313 0.541058 0.018959 0.021743
0 0.665283 0.766868 0.018780 0.015618
0 0.811579 0.626341 0.023327 0.019496
0 0.522254 0.442526 0.014843 0.022807
0 0.863058 0.760221 0.012270 0.028940