1 0.184738 0.198904 0.028425 0.041163
1 0.186232 0.254613 0.026834 0.039133
1 0.186655 0.319966 0.026955 0.036885
1 0.319213 0.327526 0.027664 0.037459
1 0.640688 0.307365 0.027732 0.036507
1 0.423547 0.379025 0.030153 0.034428
1 0.930150 0.581818 0.028026 0.039728
1 0.930310 0.302619 0.029439 0.041982
1 0.758660 0.137272 0.027843 0.037522
1 0.319732 0.139515 0.029187 0.035947
1 0.930748 0.134244 0.027354 0.036731
1 0.869792 0.303109 0.027869 0.036843
1 0.810872 0.363418 0.028478 0.039448
1 0.930735 0.752562 0.026404 0.038936
1 0.639194 0.425358 0.026708 0.036311
1 0.929751 0.417307 0.029444 0.038145
1 0.424041 0.445277 0.028914 0.038068
1 0.757587 0.533042 0.028614 0.037858
1 0.321158 0.384748 0.028856 0.038453
1 0.810255 0.304649 0.026992 0.037739
1 0.758369 0.364272 0.028551 0.038033
1 0.930646 0.246307 0.028231 0.037417
1 0.931223 0.188526 0.027811 0.036759
1 0.870458 0.136596 0.028331 0.035891
1 0.810195 0.136253 0.027732 0.037501
1 0.758891 0.189264 0.029365 0.038950
1 0.758981 0.246402 0.027212 0.039133
1 0.870482 0.187433 0.028819 0.037837
1 0.810237 0.189548 0.028415 0.039602
1 0.810500 0.246717 0.027302 0.038880
1 0.870335 0.363197 0.026341 0.033840
1 0.871430 0.247144 0.027071 0.036458
1 0.758566 0.306077 0.028326 0.039840
1 0.931916 0.361815 0.027780 0.036913
1 0.759091 0.422148 0.030037 0.038502
1 0.758193 0.476209 0.029460 0.037165
1 0.810626 0.420377 0.029979 0.038698
1 0.930436 0.472436 0.028672 0.040834
1 0.869387 0.420006 0.028184 0.039217
1 0.810865 0.474214 0.027801 0.036199
1 0.811051 0.532563 0.027092 0.037235
1 0.758356 0.586946 0.027769 0.036668
1 0.870584 0.475271 0.028614 0.038047
1 0.870004 0.530347 0.028651 0.039048
1 0.809667 0.585199 0.029418 0.038817
1 0.759816 0.642172 0.028305 0.037676
1 0.759080 0.699583 0.028662 0.035492
1 0.870684 0.583739 0.029024 0.038194
1 0.931160 0.530315 0.026551 0.036045
1 0.809754 0.641577 0.029339 0.037732
1 0.929417 0.638763 0.027937 0.036808
1 0.868516 0.639141 0.025338 0.036052
1 0.810279 0.699758 0.027638 0.037172
1 0.929955 0.695379 0.029853 0.038551
1 0.869563 0.699135 0.027360 0.039679
1 0.759703 0.758765 0.029066 0.037368
1 0.869361 0.755537 0.027837 0.039763
1 0.810116 0.757021 0.027354 0.037872
1 0.930186 0.808895 0.026829 0.034918
1 0.758834 0.813897 0.027696 0.036843
1 0.929861 0.863365 0.026252 0.037690
1 0.869275 0.811394 0.025847 0.037004
1 0.810132 0.814096 0.027428 0.036612
1 0.760052 0.867916 0.027181 0.036556
1 0.868957 0.866344 0.027774 0.035569
1 0.809371 0.865262 0.028635 0.035156
1 0.585966 0.134787 0.026372 0.038418
1 0.521167 0.129249 0.028147 0.036402
1 0.640943 0.129613 0.029355 0.035156
1 0.640769 0.188281 0.026719 0.035989
1 0.585657 0.191182 0.028441 0.037564
1 0.322431 0.505642 0.030090 0.038782
1 0.321234 0.561618 0.027738 0.037130
1 0.321633 0.614548 0.028168 0.037830
1 0.321832 0.673839 0.031728 0.038761
1 0.322612 0.730654 0.031040 0.040330
1 0.321630 0.789262 0.028845 0.039013
1 0.321919 0.845518 0.030263 0.041618
1 0.321856 0.897377 0.027953 0.039686
1 0.423936 0.500620 0.027275 0.037417
1 0.423786 0.557960 0.030872 0.038943
1 0.638929 0.480752 0.027375 0.039196
1 0.638443 0.536220 0.029985 0.040813
1 0.423734 0.609942 0.029486 0.040421
1 0.423272 0.667993 0.027722 0.040764
1 0.640389 0.590225 0.029979 0.039994
1 0.639911 0.646292 0.027102 0.037977
1 0.641998 0.705547 0.027601 0.040001
1 0.640872 0.763679 0.029202 0.038474
1 0.641861 0.819805 0.028315 0.039182
1 0.640961 0.869515 0.027879 0.037403
1 0.639738 0.368350 0.027732 0.039371
1 0.640066 0.245583 0.029922 0.040771
1 0.420935 0.137667 0.029433 0.038187
1 0.422103 0.199107 0.029092 0.041037
1 0.423211 0.257651 0.028158 0.041555
1 0.423957 0.325759 0.029250 0.039973
1 0.423794 0.725652 0.030625 0.039343
1 0.424372 0.784145 0.027023 0.040218
1 0.424143 0.841205 0.027260 0.039952
1 0.423440 0.894664 0.031345 0.039987
1 0.320725 0.450108 0.029407 0.041121
1 0.319079 0.259622 0.026829 0.039182
1 0.320068 0.201147 0.030268 0.039518
1 0.184872 0.140688 0.028063 0.041933
1 0.584310 0.249293 0.030546 0.040519
1 0.186122 0.380138 0.028977 0.040267
1 0.185234 0.439005 0.028945 0.037004
1 0.583299 0.313148 0.028651 0.037613
1 0.585334 0.370362 0.029024 0.039462
1 0.584376 0.429845 0.031024 0.035387
1 0.186925 0.492580 0.030447 0.039679
1 0.187715 0.550452 0.030084 0.039399
1 0.188020 0.608577 0.030053 0.037662
1 0.186752 0.667024 0.028956 0.038698
1 0.187933 0.727336 0.029922 0.040974
1 0.187868 0.781534 0.029853 0.038565
1 0.187781 0.839907 0.031077 0.041219
1 0.188503 0.894948 0.031450 0.038439
1 0.584404 0.484021 0.029255 0.039055
1 0.584872 0.540452 0.028383 0.036283
1 0.585373 0.593186 0.028210 0.040190
1 0.585772 0.649880 0.027864 0.039329
1 0.585995 0.706881 0.028562 0.037543
1 0.586917 0.765250 0.028977 0.042136
1 0.585074 0.822616 0.028777 0.040743
1 0.587179 0.875231 0.029733 0.039553