0 0.039752 0.331420 0.068253 0.109805
0 0.505594 0.174219 0.072651 0.115324
0 0.659643 0.163323 0.068036 0.103510
0 0.799258 0.097277 0.074520 0.109978
0 0.963728 0.261847 0.063393 0.112321
0 0.333630 0.509523 0.059526 0.109950
0 0.670474 0.461381 0.058170 0.106936
0 0.894258 0.444205 0.059866 0.116479
0 0.107238 0.637196 0.067656 0.119191
0 0.591917 0.613800 0.062104 0.095982
0 0.707003 0.674414 0.071116 0.111138
0 0.961141 0.608711 0.069157 0.108516
0 0.155402 0.796850 0.067891 0.111244
0 0.262522 0.823956 0.071429 0.111004
0 0.390352 0.841057 0.066629 0.110050
0 0.584180 0.859690 0.069699 0.101267
0 0.715393 0.847969 0.069648 0.106786
0 0.907229 0.794810 0.070307 0.106138