2 0.544507 0.487028 0.019615 0.027442
2 0.639294 0.363904 0.016523 0.021239
2 0.264289 0.512849 0.021731 0.025489
0 0.647634 0.184042 0.030777 0.028198
0 0.903192 0.664220 0.026183 0.031831
0 0.843548 0.324061 0.024619 0.024803
0 0.817994 0.170237 0.022424 0.027806
0 0.765504 0.565101 0.021369 0.037627
0 0.436211 0.611122 0.021553 0.033371
0 0.496485 0.583799 0.015567 0.035723
0 0.087780 0.231970 0.021442 0.038159
0 0.076784 0.115231 0.025501 0.032307
0 0.772920 0.692803 0.019295 0.034421
0 0.839920 0.787046 0.019053 0.038292
0 0.848769 0.238593 0.021841 0.033847
1 0.964219 0.073564 0.030063 0.043256
1 0.968401 0.883698 0.030226 0.045328
1 0.019130 0.907678 0.030132 0.043529
0 0.127161 0.271124 0.019316 0.039448
0 0.527029 0.226990 0.019363 0.037732
0 0.491061 0.280420 0.019967 0.032601
0 0.416341 0.122427 0.022156 0.029353
0 0.643255 0.529839 0.028005 0.027785
0 0.613255 0.572227 0.024824 0.031467
0 0.561967 0.594440 0.020303 0.035569
0 0.339040 0.348059 0.024908 0.030095
0 0.227405 0.333351 0.023044 0.030613
0 0.653365 0.772128 0.026908 0.029640
0 0.718075 0.507777 0.020671 0.036122
0 0.642465 0.630492 0.020419 0.036661
0 0.398380 0.544362 0.027113 0.025482
0 0.344068 0.574737 0.027233 0.028002
0 0.399543 0.300088 0.025963 0.036486
0 0.575222 0.508996 0.017074 0.037620
0 0.454634 0.465190 0.031192 0.032363
0 0.375181 0.463230 0.022477 0.033959
0 0.233044 0.424308 0.027927 0.025587
0 0.123231 0.396953 0.032773 0.029990
0 0.133154 0.631307 0.028037 0.033490
2 0.096940 0.694357 0.020881 0.023641
0 0.571255 0.437311 0.025501 0.029710
0 0.276141 0.353953 0.021631 0.037389
0 0.148640 0.317341 0.021658 0.034827
0 0.728978 0.387142 0.026031 0.030207
0 0.653045 0.225946 0.024083 0.032426
0 0.168113 0.474760 0.022456 0.032797
0 0.125998 0.511946 0.026819 0.030795
0 0.103138 0.541709 0.023774 0.042423
0 0.758393 0.489436 0.024892 0.034666
0 0.595231 0.686709 0.023269 0.035058
0 0.448988 0.236139 0.026283 0.035226
0 0.294105 0.239247 0.029827 0.036948
0 0.197602 0.193289 0.017389 0.035744
0 0.581509 0.776255 0.026845 0.037711
0 0.721055 0.856085 0.023900 0.032776
0 0.702419 0.788957 0.025469 0.035548
0 0.783132 0.637044 0.033985 0.023122
0 0.603839 0.130555 0.023191 0.034407
0 0.675802 0.564887 0.017946 0.036906
0 0.776073 0.796549 0.029696 0.034911
0 0.906261 0.455890 0.029192 0.031166
0 0.825292 0.492068 0.031119 0.031726
0 0.832134 0.399229 0.028956 0.029920
0 0.808305 0.336585 0.023259 0.031761
0 0.752344 0.293833 0.020387 0.039182
0 0.903129 0.229713 0.029407 0.033224
0 0.566976 0.187962 0.023716 0.029864
0 0.566887 0.664556 0.027233 0.027211
0 0.315986 0.451319 0.026745 0.038264
0 0.195893 0.314040 0.030268 0.029878
0 0.236160 0.798100 0.029643 0.030102
0 0.186607 0.830033 0.029150 0.028555
0 0.539359 0.542045 0.029134 0.027008
0 0.508752 0.647202 0.032899 0.026861
0 0.591923 0.848713 0.025433 0.040575
0 0.457942 0.882637 0.029586 0.028632
0 0.396736 0.837607 0.026042 0.036297
0 0.291976 0.825493 0.026798 0.026014
0 0.267562 0.621888 0.029171 0.027603
0 0.164858 0.695411 0.021238 0.038796
0 0.081942 0.819301 0.030347 0.029745
0 0.158804 0.571706 0.029355 0.029318
0 0.198045 0.669117 0.018381 0.038166
0 0.197896 0.517358 0.027764 0.026833
0 0.193462 0.277543 0.030636 0.027225
0 0.100552 0.149925 0.013604 0.026945
0 0.176624 0.135595 0.029659 0.036017
0 0.273453 0.584982 0.028940 0.030739
0 0.519996 0.760581 0.025049 0.036157
0 0.471787 0.817572 0.028084 0.033847
0 0.339413 0.800540 0.028614 0.029199
0 0.298681 0.749856 0.025548 0.030557
0 0.458761 0.498624 0.023191 0.021778
0 0.546581 0.310155 0.021904 0.033336
0 0.244708 0.140905 0.022954 0.033686
0 0.692354 0.282899 0.027570 0.034561
0 0.537217 0.404034 0.020839 0.039826
0 0.407500 0.356585 0.023847 0.030347
0 0.506786 0.124657 0.023537 0.033714
0 0.876197 0.560582 0.026315 0.033042
0 0.833583 0.545352 0.026572 0.028611
0 0.383330 0.230045 0.019368 0.035023
0 0.234779 0.218687 0.026525 0.031922
0 0.361906 0.672348 0.025590 0.033749
0 0.564776 0.256010 0.025532 0.027113
0 0.352287 0.177563 0.021232 0.039055
0 0.466067 0.177185 0.033655 0.034421
0 0.583528 0.354212 0.016644 0.032559
0 0.704955 0.202110 0.022823 0.034428
0 0.689600 0.116568 0.020413 0.037305
0 0.737885 0.203605 0.018843 0.034799
0 0.871354 0.596547 0.028315 0.019804
0 0.340755 0.291383 0.025837 0.033427
0 0.731330 0.105091 0.021054 0.033756
0 0.587757 0.311044 0.020219 0.032692
0 0.491030 0.334730 0.025364 0.032447
0 0.541627 0.108857 0.027286 0.024936
0 0.777743 0.144622 0.021526 0.036402
0 0.789462 0.238292 0.027995 0.032713
0 0.504534 0.380376 0.023821 0.023592
0 0.431775 0.681809 0.025805 0.026140
0 0.428220 0.779668 0.025417 0.036822
0 0.422943 0.732558 0.022750 0.035877
0 0.648690 0.394412 0.021841 0.031012
0 0.300422 0.696972 0.019831 0.033028
0 0.259388 0.254946 0.018922 0.028079
0 0.269127 0.118213 0.026000 0.034197
0 0.800781 0.293483 0.023963 0.030781
0 0.864612 0.144787 0.024083 0.029283
0 0.324429 0.198676 0.024572 0.033987
0 0.878187 0.176908 0.014606 0.032328
0 0.421998 0.647555 0.021406 0.031614
0 0.748627 0.417615 0.022519 0.035653
0 0.756613 0.363092 0.023222 0.033896
0 0.486746 0.720203 0.023023 0.038929
0 0.641733 0.318933 0.026157 0.033070