1 0.176590 0.125942 0.029811 0.040092
1 0.176501 0.181840 0.033235 0.038271
1 0.920137 0.129372 0.027596 0.036157
1 0.861950 0.179961 0.025648 0.037158
1 0.802430 0.234477 0.025884 0.040610
1 0.748330 0.297467 0.025443 0.034869
1 0.860472 0.352903 0.026966 0.035093
1 0.801146 0.411297 0.026677 0.035982
1 0.748462 0.464035 0.029139 0.040512
1 0.748569 0.522352 0.028011 0.035828
1 0.859189 0.574793 0.028788 0.038796
1 0.798962 0.633320 0.026824 0.037585
1 0.748533 0.689331 0.027307 0.041366
1 0.859068 0.747410 0.030016 0.040141
1 0.799198 0.802706 0.028315 0.036710
1 0.748068 0.862011 0.027680 0.037865
1 0.631534 0.119214 0.027160 0.041492
1 0.576770 0.180321 0.028709 0.035611
1 0.513446 0.235656 0.026136 0.037858
1 0.631644 0.297519 0.027328 0.039833
1 0.575985 0.361482 0.027696 0.038572
1 0.511349 0.423506 0.030573 0.037116
1 0.631004 0.470105 0.024860 0.038887
1 0.574815 0.528492 0.027664 0.037774
1 0.510574 0.587523 0.027585 0.034771
1 0.630513 0.635399 0.028131 0.038775
1 0.576219 0.695235 0.027596 0.041317
1 0.511144 0.760522 0.031822 0.043347
1 0.628959 0.808933 0.028625 0.038985
1 0.575159 0.863729 0.028709 0.040365
1 0.241920 0.245674 0.029066 0.040309
1 0.242558 0.312094 0.028998 0.039385
1 0.241552 0.371542 0.030609 0.040855
1 0.241452 0.436341 0.029076 0.039938
1 0.242098 0.491151 0.029958 0.041051
1 0.241043 0.548433 0.031050 0.041184
1 0.239956 0.600722 0.031471 0.041247
1 0.239636 0.661248 0.029685 0.040659
1 0.239470 0.719793 0.031329 0.041681
1 0.239927 0.776619 0.030090 0.041086
1 0.239497 0.835938 0.031245 0.040435
1 0.240329 0.887020 0.029979 0.039637
1 0.412319 0.125035 0.031859 0.040407
1 0.412913 0.185613 0.029171 0.040386
1 0.413451 0.242478 0.029827 0.039378
1 0.413821 0.311240 0.029381 0.039371
1 0.414144 0.369001 0.028441 0.041191
1 0.413792 0.432141 0.027717 0.039322
1 0.412900 0.487777 0.029974 0.039567
1 0.414278 0.544747 0.027260 0.038740
1 0.413826 0.596708 0.028541 0.038467
1 0.412028 0.655616 0.029638 0.038257
1 0.412015 0.712954 0.030315 0.039959
1 0.411994 0.771085 0.030399 0.042059
1 0.411372 0.828871 0.030709 0.042864
1 0.410597 0.882070 0.030557 0.041247