0 0.246902 0.284785 0.017526 0.033210
0 0.144642 0.195565 0.023679 0.030508
0 0.116172 0.343820 0.019747 0.027596
0 0.139927 0.430055 0.020980 0.031691
0 0.132051 0.543154 0.025191 0.024579
1 0.269589 0.689275 0.015688 0.020350
0 0.164511 0.254417 0.019600 0.035730
0 0.577763 0.247361 0.025139 0.026350
1 0.559956 0.727564 0.023054 0.021631
0 0.519164 0.367184 0.027186 0.029521
0 0.269762 0.358174 0.019405 0.035205
0 0.152331 0.348279 0.030877 0.026364
0 0.159358 0.491792 0.021169 0.029269
0 0.175151 0.392760 0.024099 0.033616
0 0.196609 0.322175 0.024204 0.036934
0 0.184190 0.271561 0.021469 0.028996
0 0.226599 0.224665 0.029381 0.030298
0 0.217682 0.291565 0.023873 0.029059
0 0.187426 0.438190 0.020098 0.032405
0 0.168113 0.579536 0.028336 0.027617
0 0.153454 0.783039 0.022781 0.031341
0 0.164559 0.690325 0.029344 0.024789
0 0.215623 0.759685 0.022466 0.030417
0 0.208819 0.697581 0.027549 0.036206
0 0.177333 0.627282 0.022361 0.030396
0 0.167438 0.661423 0.025590 0.028282
0 0.249625 0.851986 0.028851 0.028793
0 0.240400 0.742191 0.023779 0.037543
0 0.203117 0.546318 0.032515 0.025055
0 0.225694 0.436863 0.024472 0.034778
0 0.221887 0.483783 0.021836 0.035401
0 0.209782 0.520886 0.025937 0.028793
0 0.175534 0.479961 0.026945 0.020252
0 0.243928 0.400156 0.027454 0.027729
0 0.224562 0.343242 0.031555 0.025069
0 0.256369 0.215834 0.020403 0.031131
0 0.243723 0.544250 0.021479 0.034106
0 0.247167 0.643789 0.026152 0.031208
0 0.285093 0.219576 0.022198 0.038306
0 0.296570 0.268026 0.031197 0.026196
0 0.298602 0.339445 0.029633 0.028100
0 0.299469 0.404563 0.024456 0.035058
0 0.289115 0.484424 0.024036 0.034778
0 0.307840 0.459733 0.028935 0.027960
0 0.266095 0.581755 0.030993 0.025013
0 0.287451 0.733524 0.020413 0.033609
0 0.274341 0.640380 0.026493 0.029682
0 0.327519 0.228876 0.032295 0.030333
0 0.328222 0.278663 0.019810 0.033469
0 0.342136 0.361206 0.021763 0.029829
0 0.336728 0.416702 0.029218 0.028436
0 0.339416 0.445320 0.028924 0.025846
0 0.326623 0.522034 0.026882 0.033091
0 0.324203 0.588325 0.027953 0.036668
0 0.316325 0.645284 0.025763 0.035303
0 0.335651 0.724746 0.022844 0.035667
0 0.279452 0.788201 0.022025 0.034120
0 0.282192 0.838986 0.025816 0.038159
0 0.325056 0.902067 0.020429 0.031089
0 0.316110 0.806049 0.020618 0.035163
0 0.384348 0.787666 0.024209 0.030319
0 0.352098 0.303749 0.026241 0.028954
0 0.373477 0.236122 0.019951 0.038257
0 0.372023 0.335279 0.022555 0.032342
0 0.378678 0.399201 0.026089 0.030018
0 0.413645 0.216954 0.030163 0.027981
0 0.404003 0.259738 0.023984 0.034666
0 0.411471 0.323424 0.027202 0.025573
0 0.433938 0.270420 0.024346 0.036276
0 0.359173 0.482940 0.023128 0.032328
0 0.396041 0.436898 0.028420 0.029318
0 0.488801 0.207514 0.032164 0.028856
0 0.489326 0.269748 0.027921 0.029696
0 0.467889 0.347681 0.025737 0.031019
1 0.701224 0.822539 0.019027 0.024614
1 0.674466 0.736013 0.019526 0.022555
0 0.360170 0.551807 0.024881 0.037543
0 0.413453 0.510483 0.027785 0.032069
0 0.422985 0.476328 0.029985 0.030011
0 0.426004 0.389186 0.024997 0.034015
0 0.436946 0.343484 0.024724 0.022695
0 0.535064 0.289472 0.030352 0.025195
0 0.486840 0.437577 0.021269 0.033826
0 0.465104 0.399260 0.031749 0.028905
0 0.556378 0.400212 0.025338 0.024915
0 0.526443 0.452904 0.029218 0.026427
0 0.466054 0.476934 0.028231 0.033182
0 0.406912 0.576368 0.028509 0.031264
0 0.366237 0.603946 0.026220 0.029591
0 0.375210 0.641353 0.027417 0.033560
0 0.360895 0.685242 0.020398 0.030375
0 0.344097 0.804047 0.020718 0.025867
0 0.373971 0.730017 0.026525 0.032951
1 0.643408 0.436432 0.019048 0.021694
0 0.600457 0.404689 0.016670 0.031796
0 0.574660 0.313396 0.018954 0.027932
0 0.549637 0.240017 0.025317 0.026028
0 0.593566 0.337506 0.019185 0.030102
0 0.608070 0.227518 0.021973 0.030991
0 0.675440 0.215054 0.028152 0.035842
0 0.628715 0.299798 0.024776 0.031943
0 0.505649 0.526644 0.016591 0.035898
1 0.710460 0.668252 0.016444 0.022828
1 0.602019 0.721319 0.015667 0.026154
0 0.512357 0.696919 0.022088 0.029549
0 0.822134 0.419656 0.025989 0.028142
0 0.408418 0.650020 0.023532 0.027554
0 0.461751 0.551376 0.024855 0.029220
0 0.437936 0.598027 0.025674 0.026126
0 0.479986 0.515131 0.025968 0.028989
0 0.642589 0.249811 0.030515 0.027792
0 0.536322 0.486531 0.023732 0.033588
0 0.499853 0.585577 0.025181 0.035401
0 0.467262 0.610544 0.022750 0.029794
0 0.422413 0.734361 0.020492 0.030354
0 0.473848 0.717115 0.025401 0.031243
0 0.483438 0.785597 0.022907 0.032972
0 0.463051 0.836613 0.029040 0.028499
0 0.395377 0.895508 0.022240 0.033721
0 0.427624 0.812202 0.028184 0.024271
0 0.396442 0.823872 0.019468 0.034337
0 0.547584 0.671822 0.017757 0.033455
0 0.600938 0.481120 0.027386 0.033238
0 0.542942 0.544624 0.024908 0.024383
0 0.646540 0.500343 0.030226 0.026588
0 0.722748 0.220941 0.024094 0.033042
0 0.665554 0.356722 0.024414 0.038964
0 0.524225 0.783679 0.018303 0.035114
0 0.503969 0.639652 0.016119 0.040183
0 0.565771 0.792097 0.020329 0.040526
0 0.514866 0.829221 0.024230 0.034351
0 0.491518 0.887762 0.023737 0.035842
0 0.576122 0.860436 0.029260 0.030053
0 0.534240 0.877373 0.026288 0.026196
0 0.621831 0.870586 0.026057 0.029535
0 0.570670 0.902477 0.028530 0.024726
0 0.522338 0.735705 0.025081 0.029626
0 0.538952 0.603936 0.029139 0.027708
0 0.710134 0.574394 0.032458 0.029122
0 0.580503 0.653537 0.025748 0.030739
0 0.649369 0.798475 0.021290 0.029297
0 0.590912 0.550270 0.019505 0.035492
0 0.641179 0.580239 0.025616 0.024124
0 0.605477 0.592959 0.024419 0.028240
0 0.709428 0.911112 0.024062 0.028611
0 0.661185 0.904496 0.021652 0.035261
0 0.757644 0.878882 0.022429 0.038075
0 0.755106 0.719916 0.021164 0.030991
0 0.821129 0.912652 0.018854 0.036857
0 0.783568 0.811121 0.029176 0.030788
0 0.861052 0.890012 0.020240 0.034953
0 0.790370 0.868371 0.018754 0.033728
0 0.888278 0.780361 0.019846 0.034512
0 0.863042 0.657157 0.029292 0.033357
0 0.826862 0.826508 0.022435 0.036962
0 0.723641 0.863001 0.023506 0.027204
0 0.862457 0.711767 0.025191 0.035989
0 0.819241 0.714035 0.026693 0.025041
0 0.808588 0.760966 0.026094 0.031985
0 0.737089 0.789059 0.026483 0.030501
0 0.605001 0.763238 0.018429 0.029122
0 0.677931 0.867149 0.023369 0.033049
0 0.687689 0.779188 0.023795 0.035331
0 0.636233 0.748484 0.020345 0.035695
0 0.711953 0.714091 0.024020 0.034169
0 0.661028 0.541310 0.021652 0.036164
0 0.651312 0.624629 0.019610 0.031334
0 0.743395 0.590880 0.017358 0.035352
0 0.696685 0.522282 0.019116 0.034190
0 0.745443 0.656173 0.025296 0.029892
0 0.852460 0.531726 0.021264 0.029724
0 0.627630 0.366274 0.024152 0.022758
0 0.708601 0.290263 0.025160 0.033259
0 0.852641 0.382109 0.019494 0.035555
0 0.899524 0.599126 0.029517 0.024586
0 0.745556 0.522394 0.023537 0.028464
0 0.811135 0.663583 0.020665 0.026945
0 0.727739 0.447623 0.020382 0.033238
0 0.600436 0.446919 0.022319 0.027701
0 0.612806 0.660786 0.017289 0.030102
0 0.684064 0.413170 0.020681 0.030669
0 0.813933 0.544082 0.028068 0.027820
0 0.858220 0.609865 0.022020 0.026910
0 0.665065 0.688659 0.018345 0.035891
0 0.699048 0.329462 0.020839 0.032370
0 0.802971 0.349144 0.023427 0.031145
2 0.947817 0.171115 0.026157 0.042332
2 0.944525 0.914462 0.026745 0.041835
2 0.077597 0.174185 0.027002 0.036318
2 0.082491 0.919943 0.028252 0.041625