0 0.084172 0.181140 0.050339 0.086939
0 0.417860 0.189814 0.050619 0.084555
0 0.537098 0.142323 0.058862 0.085059
0 0.507530 0.336033 0.053652 0.081046
0 0.244110 0.319940 0.047910 0.082977
0 0.596383 0.479084 0.049735 0.075153
0 0.338937 0.428417 0.052930 0.077979
0 0.757846 0.214645 0.047614 0.078836
0 0.357677 0.529571 0.046422 0.060642
0 0.270113 0.526076 0.048397 0.080425
0 0.329144 0.310720 0.055303 0.083900
0 0.167737 0.190589 0.053014 0.085355
0 0.631436 0.144786 0.045151 0.090051
0 0.514909 0.541128 0.040148 0.076054
0 0.119622 0.644534 0.053020 0.089155
0 0.589293 0.254947 0.051973 0.075293
0 0.513034 0.440519 0.052382 0.073922
0 0.353225 0.753361 0.049987 0.082753
0 0.338019 0.193200 0.044905 0.078097
0 0.680955 0.575075 0.049981 0.088915
0 0.248696 0.201818 0.053322 0.076071
0 0.594430 0.369384 0.051156 0.077437
0 0.497532 0.227620 0.049505 0.089172
0 0.093932 0.419164 0.042504 0.081007
0 0.207250 0.839634 0.050143 0.078936
0 0.936381 0.396507 0.046819 0.073144
0 0.436319 0.425059 0.050972 0.085277
0 0.363936 0.645603 0.043349 0.080324
0 0.447061 0.849209 0.050832 0.078623
0 0.614207 0.863835 0.049488 0.076972
0 0.866326 0.542750 0.047569 0.086161
0 0.943575 0.604862 0.047463 0.083649
0 0.953136 0.805527 0.047882 0.078103
0 0.531726 0.759181 0.047949 0.083022
0 0.443040 0.633887 0.052975 0.087292
0 0.110245 0.755596 0.053305 0.074264
0 0.255624 0.431403 0.049964 0.080112
0 0.517156 0.647458 0.050115 0.078562
0 0.530646 0.864521 0.044099 0.078657
0 0.613670 0.765172 0.046265 0.078707
0 0.684498 0.466707 0.056182 0.085859
0 0.174844 0.417384 0.049947 0.082686
0 0.268742 0.741983 0.046405 0.082384
0 0.687704 0.775903 0.052063 0.082641
0 0.937024 0.495428 0.051800 0.076278
0 0.286986 0.844928 0.055672 0.073463
0 0.685524 0.363455 0.059780 0.083677
0 0.365679 0.848003 0.060827 0.081393
0 0.774800 0.460602 0.057335 0.084550
0 0.081505 0.295059 0.050748 0.080000
0 0.197660 0.634603 0.051716 0.077286
0 0.456522 0.521773 0.050580 0.078198
0 0.854512 0.771694 0.050289 0.082070
0 0.120582 0.860760 0.054917 0.077907
0 0.861535 0.652562 0.048464 0.080162
0 0.185015 0.525379 0.052404 0.079994
0 0.222838 0.948424 0.047395 0.083095
0 0.194297 0.732607 0.053350 0.090661
0 0.277159 0.630000 0.053837 0.078914
0 0.164423 0.308292 0.053283 0.084717
0 0.101618 0.520505 0.049942 0.077924
0 0.439671 0.737828 0.051945 0.084113
0 0.692212 0.881788 0.053591 0.082188
0 0.769800 0.769212 0.053826 0.081796
0 0.692349 0.677477 0.047765 0.075674
0 0.944957 0.711489 0.053395 0.076284
0 0.775545 0.881951 0.047395 0.072988
0 0.942609 0.895790 0.048028 0.078987
0 0.134757 0.959219 0.054279 0.068320
0 0.774716 0.558902 0.055152 0.077688
0 0.602564 0.570438 0.054553 0.082485
0 0.416161 0.301489 0.051151 0.081779
0 0.600552 0.663774 0.043109 0.075579
0 0.764010 0.665129 0.056920 0.078366
0 0.702095 0.130753 0.050356 0.082871