0 0.687033 0.564065 0.027354 0.032307
0 0.247464 0.291502 0.027333 0.034267
0 0.108385 0.294736 0.026708 0.025755
0 0.251509 0.475488 0.031591 0.035471
0 0.204443 0.170916 0.032878 0.027722
0 0.312482 0.384566 0.028851 0.035807
0 0.102550 0.395424 0.025590 0.034967
0 0.170883 0.212257 0.028100 0.037151
0 0.728773 0.180612 0.021726 0.037942
0 0.716028 0.338269 0.032263 0.030522
2 0.644476 0.369288 0.022172 0.025930
2 0.530491 0.451620 0.017247 0.024474
2 0.604812 0.571156 0.018355 0.019426
2 0.383238 0.561348 0.015709 0.021316
2 0.411965 0.112035 0.022844 0.023353
2 0.823103 0.283179 0.024766 0.027799
0 0.418213 0.426737 0.031581 0.029815
2 0.204598 0.127926 0.020986 0.020427
0 0.298797 0.166261 0.027375 0.034260
0 0.393967 0.225131 0.031045 0.032391
0 0.472454 0.384682 0.031308 0.036682
0 0.422988 0.356449 0.026283 0.042465
0 0.370561 0.309343 0.029680 0.029318
0 0.305307 0.255992 0.021264 0.036598
0 0.249879 0.229968 0.026913 0.037683
0 0.481511 0.262485 0.026981 0.029017
0 0.750171 0.611535 0.024671 0.040358
0 0.729035 0.524897 0.030200 0.038677
0 0.550576 0.215351 0.028058 0.039966
0 0.483456 0.160877 0.032836 0.033700
0 0.349502 0.132662 0.020408 0.039266
0 0.504728 0.646057 0.027160 0.042143
0 0.442262 0.550809 0.026430 0.038936
0 0.482981 0.480185 0.023516 0.035275
0 0.593915 0.399383 0.028179 0.033924
0 0.422082 0.285650 0.026099 0.038775
0 0.370818 0.472863 0.030657 0.032349
0 0.584341 0.620985 0.034064 0.033875
0 0.514226 0.549525 0.032347 0.030165
0 0.599134 0.223822 0.022067 0.038257
0 0.590967 0.139753 0.021673 0.037977
0 0.632455 0.092854 0.024404 0.047197
0 0.520962 0.337373 0.025291 0.025622
0 0.589453 0.271029 0.030982 0.032860
0 0.671384 0.234067 0.030888 0.031866
0 0.778903 0.255842 0.032447 0.034071
0 0.764438 0.127657 0.034757 0.031803
0 0.705440 0.284575 0.032174 0.033224
0 0.579543 0.506402 0.022524 0.042178
0 0.791018 0.532118 0.021878 0.037074
0 0.772364 0.712009 0.026099 0.031726
0 0.440713 0.711239 0.033686 0.034008
0 0.502838 0.801373 0.033261 0.026007
0 0.310219 0.321051 0.032967 0.032559
0 0.621094 0.163481 0.019069 0.038628
0 0.760041 0.062220 0.031150 0.030382
0 0.863208 0.256048 0.031807 0.028996
0 0.269284 0.367338 0.026976 0.031887
0 0.905919 0.705789 0.029580 0.032867
0 0.879542 0.508632 0.033277 0.029332
0 0.858918 0.176219 0.024509 0.036955
0 0.627641 0.684458 0.022713 0.036885
0 0.809355 0.816448 0.026598 0.039567
0 0.841337 0.731428 0.025994 0.036626
0 0.824308 0.342595 0.034442 0.032482
0 0.770206 0.365000 0.031182 0.033119
0 0.588429 0.314303 0.019085 0.034365
0 0.508674 0.411833 0.020823 0.037095
0 0.478747 0.320190 0.027606 0.039994
0 0.438253 0.622518 0.027811 0.036703
0 0.348557 0.638735 0.034920 0.028100
0 0.336980 0.543473 0.031812 0.030270
0 0.394434 0.770112 0.023684 0.036402
0 0.294925 0.793648 0.031266 0.026126
0 0.255048 0.588825 0.023768 0.034365
0 0.168132 0.410240 0.023080 0.034540
0 0.647432 0.468102 0.028735 0.037683
0 0.814590 0.589354 0.029738 0.033448
0 0.729059 0.413726 0.030699 0.031754
0 0.641129 0.541366 0.024194 0.039133
0 0.630130 0.420345 0.023395 0.036283
0 0.828151 0.085685 0.029339 0.037032
0 0.350397 0.232989 0.035902 0.030410
0 0.461806 0.195883 0.022361 0.029759
0 0.894579 0.385504 0.026651 0.035499
0 0.784697 0.174038 0.027570 0.038530
0 0.355524 0.760025 0.033187 0.024698
0 0.219580 0.766343 0.031271 0.033623
0 0.675679 0.643180 0.032368 0.031446
0 0.440448 0.786577 0.025459 0.034190
0 0.126840 0.523739 0.029974 0.033728
0 0.528000 0.726906 0.027081 0.032412
0 0.277953 0.722800 0.027533 0.032937
0 0.147183 0.687097 0.021442 0.032811
0 0.224334 0.366596 0.025553 0.036143
0 0.311544 0.115175 0.029444 0.029773
0 0.864628 0.634689 0.032284 0.032020
0 0.600481 0.453972 0.028100 0.032230
0 0.874417 0.579399 0.028058 0.037410
0 0.114197 0.143625 0.024829 0.034407
0 0.869122 0.092717 0.027086 0.034253
0 0.154420 0.593358 0.032893 0.029220
0 0.247464 0.678221 0.031628 0.034155
0 0.688584 0.798499 0.029008 0.036794
0 0.704456 0.757154 0.025291 0.036780
0 0.790850 0.636257 0.025144 0.032412
0 0.313093 0.493339 0.026556 0.037711
0 0.230379 0.431056 0.028593 0.029017
0 0.755662 0.667300 0.031066 0.033161
0 0.773264 0.476345 0.032993 0.030438
0 0.406187 0.660947 0.025233 0.035240
0 0.577177 0.738082 0.018686 0.039055
0 0.882311 0.474270 0.022687 0.031887
0 0.769970 0.787960 0.025900 0.037627
0 0.601384 0.660793 0.024540 0.034134
0 0.873018 0.332437 0.033534 0.023297
0 0.806580 0.417475 0.022120 0.031817
0 0.225565 0.555157 0.028446 0.028968
0 0.301902 0.633369 0.025091 0.029703
0 0.689647 0.697563 0.027144 0.034981
0 0.127258 0.740532 0.024173 0.025195
0 0.186993 0.703783 0.026393 0.038698
0 0.567561 0.426646 0.013997 0.035485
0 0.358152 0.676926 0.022986 0.031117
0 0.693115 0.458151 0.022372 0.030998
0 0.290672 0.560347 0.030772 0.030417
0 0.495734 0.580530 0.020713 0.024817
0 0.891315 0.162645 0.023411 0.035079