2 0.603434 0.468785 0.016334 0.020707
0 0.582231 0.396561 0.020613 0.030256
0 0.538530 0.381444 0.021721 0.032713
0 0.545688 0.456349 0.022660 0.022562
0 0.488654 0.457430 0.024950 0.024866
2 0.704191 0.264466 0.016024 0.021988
2 0.660965 0.335381 0.017673 0.024173
0 0.513709 0.504326 0.021117 0.029528
0 0.577962 0.593690 0.028068 0.027337
0 0.336615 0.446107 0.020172 0.032391
2 0.268179 0.720084 0.018297 0.026259
2 0.385795 0.801576 0.019153 0.020672
2 0.806546 0.774659 0.018408 0.017788
2 0.640657 0.792696 0.011393 0.020581
2 0.715185 0.560848 0.021148 0.029080
2 0.840324 0.744883 0.019211 0.021785
2 0.486651 0.584534 0.022592 0.032153
0 0.733582 0.507890 0.023564 0.030970
0 0.740494 0.747287 0.016880 0.026329
0 0.867694 0.672323 0.022414 0.026000
0 0.776519 0.606207 0.024719 0.029255
0 0.723103 0.661773 0.016759 0.031460
0 0.748819 0.392659 0.026084 0.026245
0 0.448053 0.334835 0.025149 0.026189
0 0.381235 0.324656 0.017090 0.028583
0 0.721701 0.351920 0.025097 0.024964
0 0.709785 0.448386 0.027370 0.028856
0 0.642124 0.395473 0.027969 0.029003
0 0.489192 0.376435 0.022582 0.030018
0 0.277000 0.460122 0.029806 0.026049
0 0.240859 0.370383 0.026336 0.031173
0 0.763727 0.504984 0.020167 0.024852
0 0.646610 0.546308 0.023028 0.033994
0 0.650438 0.483052 0.023227 0.034624
0 0.572885 0.541537 0.022240 0.031607
0 0.408783 0.445057 0.025742 0.028667
0 0.829214 0.668494 0.016869 0.034442
0 0.892384 0.292269 0.024803 0.030326
0 0.795849 0.349886 0.026068 0.029745
0 0.809849 0.417531 0.020844 0.032685
0 0.760167 0.438302 0.022886 0.027701
0 0.513008 0.308027 0.021826 0.027190
0 0.809507 0.634573 0.020539 0.031943
0 0.614350 0.544957 0.020912 0.027162
0 0.483755 0.249328 0.020865 0.033014
0 0.530426 0.825773 0.026577 0.025762
0 0.509482 0.687286 0.022891 0.031761
0 0.869994 0.817600 0.018602 0.036031
0 0.552443 0.641913 0.019505 0.034694
0 0.398800 0.610544 0.023732 0.021155
0 0.900808 0.689919 0.023044 0.026609
0 0.894424 0.435326 0.024419 0.027729
0 0.848530 0.411266 0.023842 0.032097
0 0.816845 0.510525 0.026162 0.025601
0 0.582814 0.270182 0.023858 0.030746
0 0.850334 0.339581 0.028698 0.026105
0 0.332672 0.273094 0.021505 0.024726
0 0.463702 0.662158 0.017100 0.030690
0 0.294355 0.681273 0.028352 0.026329
0 0.640139 0.439502 0.023747 0.026378
0 0.358160 0.739475 0.025742 0.025419
0 0.335019 0.792122 0.020844 0.031726
2 0.666682 0.690727 0.021043 0.026154
0 0.585076 0.656891 0.021306 0.027827
0 0.315291 0.511523 0.025921 0.033784
0 0.429724 0.556452 0.021442 0.027904
0 0.276089 0.586120 0.020665 0.035800
0 0.326957 0.388080 0.020902 0.036465
0 0.632802 0.673653 0.028520 0.024922
0 0.606254 0.364062 0.026267 0.024145
0 0.382904 0.504319 0.025385 0.029570
0 0.476324 0.830208 0.024902 0.029885
0 0.734761 0.808128 0.017090 0.029017
0 0.677677 0.829186 0.019983 0.027141
0 0.261756 0.642067 0.022744 0.026756
0 0.623186 0.247182 0.017909 0.034799
0 0.310452 0.733766 0.026504 0.024474
0 0.239696 0.435008 0.019263 0.030186
0 0.694764 0.321520 0.024692 0.031271
0 0.381447 0.266913 0.026420 0.023704
0 0.432473 0.477319 0.017751 0.029346
0 0.554837 0.335762 0.025658 0.024152
0 0.366775 0.686933 0.022676 0.020063
0 0.351289 0.602536 0.025937 0.026000
0 0.683869 0.249429 0.013961 0.033749
0 0.429961 0.264190 0.019111 0.032216
0 0.906229 0.384325 0.020298 0.028324
0 0.521062 0.269934 0.024587 0.020392
0 0.332454 0.313116 0.019431 0.028296
0 0.415567 0.303518 0.024766 0.025650
0 0.766074 0.561943 0.016806 0.027337
0 0.507954 0.754165 0.018313 0.036346
0 0.443181 0.714781 0.018513 0.030130
0 0.881248 0.521575 0.026472 0.022359
0 0.685395 0.590589 0.018492 0.025083
0 0.711329 0.780221 0.026845 0.022135
0 0.611210 0.628168 0.018875 0.024789
0 0.487386 0.637373 0.023369 0.024691
0 0.840337 0.585213 0.026168 0.027085
0 0.571538 0.795944 0.024556 0.031068
0 0.461680 0.382238 0.017552 0.034260
0 0.398700 0.688302 0.023847 0.030221
0 0.797048 0.732572 0.016014 0.034533
0 0.441078 0.510270 0.015452 0.027232
0 0.787784 0.533728 0.016428 0.029738
0 0.367542 0.362266 0.021311 0.022569
0 0.281851 0.518394 0.023695 0.028135
0 0.435014 0.589700 0.019757 0.024901
0 0.832808 0.462782 0.021075 0.026553
0 0.549335 0.738365 0.027034 0.021547
0 0.313369 0.549969 0.021868 0.016423
0 0.791438 0.808573 0.017531 0.025622
0 0.607789 0.835738 0.018681 0.035261
0 0.719501 0.605423 0.020896 0.018054
0 0.418675 0.773150 0.021490 0.023550
0 0.884721 0.483892 0.027254 0.024278
0 0.433371 0.828531 0.025679 0.022373
0 0.474580 0.542724 0.016397 0.027932
0 0.686195 0.747448 0.023338 0.025475
0 0.605180 0.769174 0.018114 0.027274
0 0.359648 0.566574 0.020298 0.023830
0 0.453028 0.772755 0.023306 0.023332
0 0.498288 0.543606 0.018366 0.017319
0 0.712631 0.695390 0.018612 0.028954
0 0.384427 0.764890 0.021742 0.023564
0 0.837324 0.807439 0.019846 0.028030
0 0.485564 0.336785 0.020251 0.032720
0 0.770293 0.296259 0.022188 0.024880
0 0.388412 0.469524 0.021815 0.032293
0 0.474297 0.741613 0.019389 0.024348