1 0.116101 0.126285 0.031408 0.042290
1 0.115510 0.187314 0.033859 0.045552
1 0.116723 0.251649 0.032337 0.041492
1 0.117752 0.318342 0.031119 0.042948
1 0.119398 0.383163 0.029874 0.040757
1 0.117951 0.446051 0.031339 0.041170
1 0.371986 0.121580 0.031155 0.041618
1 0.372477 0.186852 0.031161 0.043032
1 0.372548 0.250655 0.030830 0.038607
1 0.118558 0.505257 0.032206 0.044285
1 0.373929 0.325724 0.032122 0.040953
1 0.375060 0.388276 0.032400 0.040974
1 0.375872 0.457066 0.029948 0.037844
1 0.373758 0.513938 0.032893 0.040239
1 0.374470 0.576693 0.030620 0.043536
1 0.118075 0.569332 0.033014 0.042563
1 0.480590 0.110184 0.031975 0.041086
1 0.478715 0.176485 0.030116 0.044040
1 0.118322 0.632942 0.034327 0.044586
1 0.119506 0.693111 0.032305 0.043018
1 0.119524 0.754960 0.031912 0.043172
1 0.120353 0.815468 0.033487 0.043123
1 0.120976 0.879690 0.033198 0.044047
1 0.122010 0.935291 0.033198 0.042108
1 0.374100 0.633922 0.031045 0.042136
1 0.373170 0.697637 0.031717 0.039819
1 0.374514 0.758709 0.030531 0.044103
1 0.373304 0.820708 0.031565 0.043074
1 0.373015 0.881738 0.030851 0.043046
1 0.372254 0.937444 0.032836 0.043081
1 0.480414 0.243255 0.029355 0.038831
1 0.480211 0.315062 0.031429 0.040785
1 0.478545 0.378717 0.030100 0.039777
1 0.481162 0.446828 0.029958 0.040876
1 0.480870 0.503182 0.029365 0.042248
1 0.481298 0.567306 0.029559 0.040456
1 0.479096 0.621776 0.031906 0.041310
1 0.481146 0.683163 0.029391 0.041702
1 0.478839 0.746139 0.033523 0.043452
1 0.478363 0.810211 0.031397 0.042339
1 0.479353 0.870583 0.031770 0.044439
1 0.479820 0.924721 0.032242 0.040120
1 0.739415 0.124093 0.030399 0.042500
1 0.739334 0.181585 0.030310 0.040673
1 0.739145 0.244316 0.030310 0.043515
1 0.737383 0.307698 0.030021 0.043137
1 0.736528 0.369687 0.034306 0.043137
1 0.735748 0.432134 0.034552 0.045076
1 0.736152 0.491981 0.030961 0.039896
1 0.735601 0.551541 0.032326 0.043354
1 0.735042 0.608020 0.031912 0.042024
1 0.735275 0.668942 0.033828 0.044607
1 0.734879 0.732285 0.030420 0.041730
1 0.735139 0.795233 0.032547 0.042710
1 0.734546 0.854023 0.029890 0.041814
1 0.733598 0.914080 0.033707 0.039546
1 0.926577 0.119939 0.032116 0.042479
1 0.926438 0.178893 0.031250 0.041436
1 0.924513 0.241162 0.030835 0.042248
1 0.923479 0.304302 0.029418 0.045601
1 0.924398 0.365143 0.032316 0.035730
1 0.924442 0.427556 0.030704 0.041058
1 0.923209 0.485667 0.027354 0.036115
1 0.922531 0.549343 0.029528 0.042570
1 0.922038 0.606330 0.030893 0.042507
1 0.919738 0.667174 0.030494 0.043480
1 0.920825 0.728736 0.031176 0.039560
1 0.920578 0.790991 0.031870 0.037249
1 0.919092 0.851377 0.029570 0.040330
1 0.917688 0.907202 0.029985 0.041681