0 0.175918 0.219272 0.076925 0.119559
0 0.309609 0.205633 0.074531 0.112907
0 0.462642 0.184434 0.077338 0.103365
0 0.603524 0.265686 0.088610 0.119129
0 0.759118 0.083114 0.066696 0.110915
0 0.945924 0.111853 0.071066 0.106406
0 0.038211 0.565918 0.072416 0.110028
0 0.200658 0.509364 0.075413 0.112098
0 0.334484 0.491590 0.076981 0.113449
0 0.497260 0.472637 0.062656 0.113488
0 0.810156 0.497023 0.069029 0.117528
0 0.167709 0.735142 0.070597 0.123912
0 0.336565 0.753652 0.070151 0.107874
0 0.540299 0.738393 0.067584 0.112813
0 0.642542 0.695963 0.073555 0.110329
0 0.816576 0.671211 0.070541 0.110525
0 0.430725 0.926562 0.064989 0.113672
0 0.581459 0.913920 0.070329 0.107785
0 0.713516 0.912539 0.067176 0.112746