0 0.145348 0.278579 0.024052 0.029689
0 0.232698 0.255233 0.024608 0.025405
0 0.130888 0.158900 0.026740 0.024145
0 0.075132 0.164154 0.023427 0.032860
0 0.499409 0.214126 0.025858 0.028485
0 0.174487 0.255544 0.028830 0.037004
0 0.091692 0.234042 0.027512 0.026987
0 0.094438 0.312342 0.021106 0.038383
0 0.158345 0.135581 0.021589 0.026595
0 0.219900 0.119645 0.023942 0.029808
0 0.179919 0.175788 0.026588 0.033112
0 0.112775 0.378276 0.018633 0.024516
0 0.116006 0.413289 0.015751 0.025013
0 0.132923 0.488376 0.023511 0.026847
0 0.126948 0.560571 0.025254 0.034099
0 0.097336 0.633758 0.026336 0.024446
0 0.221732 0.213482 0.024204 0.026805
0 0.176330 0.337695 0.023264 0.036472
0 0.173996 0.455561 0.019888 0.042017
0 0.189934 0.535667 0.028179 0.030438
0 0.283967 0.135644 0.027759 0.033693
0 0.267053 0.178102 0.024393 0.030879
0 0.298521 0.294596 0.023905 0.022926
0 0.248302 0.304691 0.028714 0.036157
0 0.324513 0.122144 0.027732 0.027582
0 0.300238 0.201980 0.020923 0.033441
0 0.415997 0.287431 0.020387 0.025860
0 0.217650 0.328951 0.032221 0.026462
0 0.189130 0.380019 0.020513 0.028002
0 0.286805 0.379718 0.024666 0.036220
0 0.220567 0.395595 0.024477 0.037438
0 0.315503 0.229058 0.024887 0.019944
0 0.390050 0.196653 0.022487 0.032041
0 0.399561 0.150538 0.016990 0.033630
0 0.424028 0.142585 0.025086 0.032286
0 0.323814 0.311583 0.021043 0.026742
0 0.361299 0.418879 0.025606 0.027890
0 0.240064 0.451889 0.022960 0.033791
0 0.243784 0.514155 0.025307 0.035086
0 0.155759 0.609603 0.023600 0.033315
0 0.209803 0.695838 0.024582 0.032860
0 0.186458 0.762758 0.022634 0.036045
0 0.125578 0.737434 0.031471 0.027806
0 0.337213 0.263154 0.020718 0.030564
0 0.381694 0.235779 0.030662 0.024607
0 0.289154 0.431798 0.026330 0.024243
0 0.250620 0.583466 0.026714 0.024754
0 0.186663 0.620138 0.022750 0.034645
0 0.268074 0.661644 0.019694 0.033623
0 0.301621 0.497697 0.030305 0.026868
0 0.285710 0.562847 0.027906 0.031117
0 0.230737 0.621153 0.025926 0.031089
0 0.270705 0.733766 0.030111 0.023970
0 0.306286 0.599291 0.033324 0.024957
0 0.369164 0.359329 0.021889 0.030571
0 0.424925 0.253073 0.018565 0.032020
0 0.468393 0.290137 0.029286 0.028779
0 0.458701 0.200234 0.019153 0.031586
0 0.525272 0.124909 0.027853 0.032538
0 0.431454 0.346183 0.027254 0.026105
0 0.428758 0.419904 0.020518 0.020476
0 0.532106 0.263735 0.021337 0.024040
0 0.582176 0.191053 0.026750 0.035429
0 0.533999 0.210472 0.022456 0.023963
0 0.631944 0.229016 0.022130 0.031495
0 0.844028 0.140790 0.022660 0.030991
0 0.718669 0.126932 0.027233 0.024950
0 0.332832 0.471575 0.028084 0.030291
0 0.403018 0.479055 0.029985 0.031138
0 0.335869 0.544782 0.021747 0.031908
0 0.297109 0.780924 0.024661 0.025867
0 0.389260 0.697731 0.027155 0.023136
0 0.419323 0.545209 0.020949 0.033280
0 0.313645 0.692274 0.023816 0.030424
0 0.353148 0.593578 0.022576 0.037179
0 0.336762 0.703542 0.023080 0.024873
0 0.404026 0.611577 0.023243 0.029185
0 0.497997 0.342584 0.019158 0.029857
0 0.396624 0.838388 0.029334 0.024446
0 0.441997 0.614566 0.024535 0.024159
0 0.419483 0.796539 0.019505 0.028100
0 0.503612 0.397244 0.027722 0.023879
0 0.446538 0.388318 0.027076 0.020770
0 0.456330 0.485992 0.018770 0.035310
0 0.384220 0.513556 0.026042 0.029675
0 0.358459 0.529822 0.026855 0.025006
0 0.588815 0.282661 0.019584 0.022170
0 0.558234 0.334369 0.025501 0.029500
0 0.543898 0.386670 0.024047 0.028352
0 0.655098 0.325328 0.024881 0.030739
0 0.603823 0.326004 0.020356 0.030172
0 0.483036 0.446874 0.031418 0.025552
0 0.471302 0.537099 0.018040 0.031103
0 0.541903 0.467392 0.021558 0.032888
0 0.517040 0.521190 0.025753 0.029836
0 0.672334 0.268530 0.028221 0.029430
0 0.703038 0.230941 0.026005 0.022758
0 0.453907 0.657094 0.023133 0.032573
0 0.463022 0.590701 0.026724 0.032993
0 0.578876 0.549871 0.022146 0.025412
0 0.602434 0.396957 0.019374 0.029507
0 0.475058 0.713794 0.025942 0.023381
0 0.758401 0.250399 0.022324 0.029346
0 0.893857 0.297054 0.031402 0.024047
0 0.735496 0.606547 0.029607 0.024628
0 0.508870 0.468775 0.023516 0.022660
0 0.551608 0.418298 0.025658 0.025216
0 0.621700 0.359711 0.026099 0.022793
0 0.488121 0.552787 0.023569 0.027953
0 0.498750 0.645907 0.024456 0.022338
0 0.517620 0.568937 0.021190 0.030417
0 0.241544 0.699530 0.021049 0.032419
0 0.351208 0.761957 0.022981 0.032146
0 0.463991 0.757147 0.021437 0.032314
0 0.523642 0.615934 0.027953 0.028184
0 0.550503 0.520858 0.018009 0.029731
0 0.590755 0.509017 0.028305 0.033448
0 0.273120 0.476811 0.023401 0.023585
0 0.321370 0.369732 0.026288 0.026959
0 0.491508 0.804106 0.025910 0.024082
0 0.524128 0.757655 0.021101 0.039630
0 0.550254 0.665372 0.019789 0.032524
0 0.601331 0.460346 0.030798 0.022324
0 0.613890 0.428343 0.026346 0.019895
0 0.602946 0.640905 0.019600 0.034260
0 0.625449 0.486783 0.021070 0.029948
0 0.653858 0.427153 0.025333 0.024838
0 0.682441 0.390446 0.021280 0.033525
0 0.695761 0.315468 0.028536 0.032482
0 0.727006 0.395942 0.032389 0.032447
0 0.653622 0.518656 0.015137 0.039581
0 0.667995 0.601034 0.017421 0.035247
0 0.700411 0.533473 0.022366 0.033021
0 0.702130 0.474056 0.026330 0.027722
0 0.587129 0.811635 0.015478 0.038551
0 0.627003 0.803039 0.018203 0.032741
0 0.502775 0.830292 0.024440 0.023823
0 0.571145 0.647170 0.020366 0.033854
0 0.788209 0.348503 0.022172 0.027022
0 0.651554 0.646691 0.028830 0.023332
0 0.726801 0.798422 0.027139 0.025930
0 0.726589 0.723080 0.024131 0.029143
0 0.825434 0.827922 0.029239 0.024502
0 0.802039 0.786784 0.020765 0.030795
0 0.670389 0.708449 0.024225 0.024845
0 0.654995 0.781873 0.025170 0.023367
0 0.598355 0.690332 0.025674 0.028989
0 0.584100 0.717976 0.024477 0.021302
0 0.801306 0.719107 0.019584 0.032552
0 0.603560 0.740616 0.023590 0.024159
0 0.640467 0.715565 0.025002 0.020385
0 0.770993 0.662470 0.023863 0.029423
0 0.773816 0.567579 0.026630 0.023977
0 0.748283 0.472548 0.020361 0.036969
0 0.863964 0.640786 0.020119 0.031474
0 0.836919 0.598272 0.019867 0.035982
0 0.846945 0.530455 0.024398 0.031411
0 0.854070 0.726223 0.022036 0.032391
0 0.856603 0.674297 0.026504 0.031768
0 0.761553 0.534624 0.021301 0.030466
0 0.841222 0.485142 0.028851 0.028863
0 0.818126 0.265100 0.028914 0.030004
0 0.821491 0.309427 0.021070 0.035114
0 0.757550 0.373362 0.022009 0.035282
0 0.827647 0.631703 0.024456 0.022954
0 0.788199 0.496010 0.016344 0.021995
0 0.770314 0.445095 0.027617 0.023171
0 0.837912 0.419897 0.021316 0.022030
0 0.760446 0.199264 0.021280 0.030473
0 0.775582 0.287263 0.021217 0.034218
0 0.784912 0.206268 0.024965 0.034302
0 0.822224 0.383415 0.016728 0.035730
0 0.803556 0.515254 0.026467 0.026840
0 0.385929 0.345430 0.020461 0.024992
0 0.840340 0.377142 0.021311 0.028926
2 0.954039 0.102907 0.025884 0.044467
2 0.937513 0.873565 0.026477 0.041723
2 0.036713 0.904052 0.028945 0.038698
2 0.017473 0.089700 0.034946 0.047512