0 0.071356 0.104184 0.049813 0.077358
0 0.847950 0.084846 0.043847 0.082860
0 0.342401 0.625330 0.052001 0.082233
0 0.113393 0.305519 0.048576 0.084634
0 0.907811 0.477200 0.051677 0.083486
0 0.407213 0.376587 0.058090 0.076485
0 0.812897 0.271949 0.053479 0.088109
0 0.410929 0.174771 0.053949 0.088417
0 0.822999 0.696289 0.054911 0.075366
0 0.150589 0.097127 0.050485 0.084399
0 0.098510 0.403659 0.053014 0.082412
0 0.497440 0.275276 0.053921 0.082406
0 0.245464 0.114465 0.053910 0.078690
0 0.807074 0.372196 0.048280 0.075931
0 0.735027 0.084796 0.052096 0.070559
0 0.568421 0.076841 0.047658 0.082216
0 0.575254 0.402752 0.053053 0.079938
0 0.497317 0.483415 0.057357 0.075847
0 0.338495 0.414284 0.051800 0.083940
0 0.180849 0.506321 0.047664 0.073743
0 0.267517 0.626561 0.049617 0.088142
0 0.730144 0.371343 0.054262 0.077078
0 0.905254 0.687047 0.057441 0.081785
0 0.912014 0.580400 0.053792 0.073273
0 0.577979 0.687956 0.044110 0.075019
0 0.819820 0.801402 0.050457 0.084717
0 0.111798 0.694689 0.052527 0.072456
0 0.193029 0.407148 0.046897 0.078209
0 0.175938 0.297127 0.051386 0.080711
0 0.414555 0.693228 0.042958 0.081712
0 0.330316 0.296676 0.047205 0.079317
0 0.573018 0.290145 0.053384 0.077392
0 0.327367 0.185259 0.050406 0.077549
0 0.407017 0.272819 0.061067 0.078131
0 0.569795 0.185995 0.052925 0.080431
0 0.404596 0.079099 0.049488 0.074991
0 0.727416 0.476649 0.053451 0.074180
0 0.651297 0.914910 0.047222 0.080179
0 0.908953 0.800742 0.053434 0.079535
0 0.908489 0.911127 0.048934 0.079317
0 0.898407 0.377608 0.054189 0.077420
0 0.801338 0.167048 0.049612 0.083962
0 0.494546 0.589625 0.046265 0.078371
0 0.665406 0.278914 0.056344 0.082731
0 0.414586 0.583920 0.054581 0.085607
0 0.268437 0.725569 0.058465 0.075478
0 0.666088 0.600922 0.052539 0.085910
0 0.648950 0.167510 0.054335 0.081796
0 0.320618 0.092656 0.052208 0.084443
0 0.573911 0.798764 0.046349 0.079160
0 0.258330 0.512228 0.058689 0.080218
0 0.097287 0.505213 0.055650 0.081287
0 0.200573 0.808739 0.048711 0.081662
0 0.110315 0.603851 0.050244 0.082166
0 0.251615 0.313734 0.055835 0.081164
0 0.128313 0.798145 0.054161 0.082445
0 0.724025 0.265009 0.049533 0.074991
0 0.410615 0.471736 0.054990 0.083872
0 0.421615 0.809492 0.046746 0.074851
0 0.731328 0.812945 0.053786 0.081030
0 0.727584 0.913813 0.053910 0.065875
0 0.284113 0.930910 0.042739 0.083626
0 0.653586 0.804576 0.047603 0.077453
0 0.190438 0.701320 0.048655 0.085361
0 0.659437 0.381825 0.054357 0.074482
0 0.817470 0.480620 0.046013 0.084035
0 0.164264 0.197529 0.052460 0.078651
0 0.582941 0.580243 0.049858 0.087476
0 0.505549 0.911231 0.054077 0.085848
0 0.740220 0.577493 0.051212 0.081651
0 0.575775 0.910120 0.053031 0.077761
0 0.343106 0.519271 0.053770 0.077817
0 0.264713 0.836296 0.056557 0.077073
0 0.124401 0.909129 0.056456 0.083279
0 0.492042 0.383207 0.055717 0.084589
0 0.189671 0.603225 0.052292 0.075372
0 0.579258 0.486538 0.049780 0.043254
0 0.721890 0.168895 0.053938 0.080045