0 0.483564 0.388647 0.052292 0.073239
0 0.130890 0.333156 0.050250 0.076547
0 0.921480 0.394243 0.043176 0.088439
0 0.736804 0.195629 0.049192 0.079037
0 0.910531 0.154605 0.050647 0.077174
0 0.126813 0.104142 0.047435 0.077599
0 0.225729 0.670820 0.051408 0.081791
0 0.214598 0.543349 0.052303 0.084068
0 0.823570 0.158525 0.050658 0.076317
0 0.704152 0.086147 0.042504 0.081343
0 0.383730 0.658961 0.048878 0.083951
0 0.647914 0.763179 0.046892 0.081304
0 0.294438 0.549273 0.048246 0.083022
0 0.760163 0.421447 0.039074 0.081119
0 0.379382 0.527870 0.050893 0.088031
0 0.480972 0.512992 0.053960 0.085898
0 0.309235 0.662585 0.046041 0.083621
0 0.286396 0.438835 0.047451 0.074974
0 0.227514 0.326785 0.046427 0.079071
0 0.315928 0.183241 0.055029 0.087236
0 0.895007 0.889475 0.052986 0.081500
0 0.133308 0.681131 0.046858 0.078326
0 0.311957 0.315197 0.047983 0.077342
0 0.658021 0.412563 0.043444 0.083542
0 0.470558 0.620747 0.051990 0.079345
0 0.638454 0.296556 0.045442 0.079199
0 0.385756 0.259620 0.049539 0.088064
0 0.899168 0.761545 0.052220 0.076995
0 0.556098 0.640191 0.049975 0.085115
0 0.822350 0.402053 0.057307 0.084147
0 0.806165 0.890482 0.050703 0.073206
0 0.562578 0.305116 0.049752 0.079507
0 0.739966 0.310902 0.045946 0.082753
0 0.917826 0.269987 0.043970 0.078813
0 0.586634 0.767981 0.047832 0.071924
0 0.474209 0.726467 0.045168 0.078472
0 0.103334 0.444053 0.049724 0.084829
0 0.820738 0.643171 0.050837 0.079412
0 0.730348 0.785870 0.043232 0.077862
0 0.814003 0.276779 0.048268 0.081863
0 0.222441 0.220216 0.047116 0.075775
0 0.719945 0.908242 0.050082 0.086967
0 0.634701 0.876673 0.051514 0.079994
0 0.645802 0.642917 0.051565 0.084566
0 0.827694 0.512192 0.047244 0.074135
0 0.573284 0.404977 0.050647 0.079888
0 0.643457 0.190228 0.052438 0.085887
0 0.576793 0.208931 0.047894 0.080336
0 0.474164 0.134326 0.047530 0.080134
0 0.610332 0.095541 0.047177 0.090594
0 0.479403 0.266753 0.046903 0.076407
0 0.397114 0.366200 0.047440 0.074985
0 0.154884 0.787770 0.045297 0.083464
0 0.189196 0.445396 0.048744 0.080599
0 0.731040 0.656695 0.046080 0.086044
0 0.316003 0.778678 0.049349 0.084578
0 0.563958 0.898698 0.049097 0.081388
0 0.908186 0.645908 0.049606 0.078170
0 0.908897 0.537412 0.047569 0.087202
0 0.730978 0.519408 0.045509 0.072652
0 0.381967 0.776896 0.052684 0.085176
0 0.235352 0.784890 0.050686 0.076026
0 0.572087 0.522833 0.047177 0.082815
0 0.816471 0.755630 0.046623 0.078987
0 0.369829 0.901096 0.049807 0.082378
0 0.278762 0.892030 0.049097 0.076345
0 0.191199 0.919583 0.051867 0.082832
0 0.123464 0.222989 0.052611 0.076519
0 0.136386 0.558893 0.048168 0.080884
0 0.652156 0.533863 0.046086 0.085848
0 0.104302 0.910271 0.050037 0.076799