1 0.152396 0.101563 0.030882 0.043403
1 0.688099 0.550074 0.027984 0.040729
1 0.338809 0.458106 0.031796 0.040722
1 0.218348 0.457133 0.029260 0.042654
1 0.794662 0.255107 0.030384 0.042584
1 0.689175 0.676149 0.028173 0.038005
1 0.462266 0.569336 0.027323 0.038271
1 0.462410 0.276437 0.030751 0.040736
1 0.794646 0.548720 0.029680 0.040652
1 0.218130 0.099984 0.029769 0.037725
1 0.690275 0.256003 0.029082 0.040834
1 0.690469 0.318902 0.028315 0.039770
1 0.864662 0.254046 0.027491 0.042675
1 0.520660 0.214252 0.026304 0.041366
1 0.519206 0.334754 0.028478 0.038404
1 0.585895 0.445967 0.027659 0.036745
1 0.463151 0.512573 0.027202 0.038740
1 0.795455 0.489807 0.028347 0.038278
1 0.690461 0.197161 0.028299 0.039483
1 0.690031 0.379659 0.029528 0.039070
1 0.795623 0.314317 0.029901 0.039952
1 0.792921 0.611335 0.028184 0.040757
1 0.793407 0.670496 0.025921 0.038404
1 0.792402 0.741389 0.030315 0.040407
1 0.794061 0.801061 0.028142 0.042241
1 0.688487 0.615861 0.028887 0.040638
1 0.688881 0.492849 0.029339 0.038537
1 0.688818 0.434168 0.030294 0.038110
1 0.794121 0.375536 0.031486 0.037669
1 0.793880 0.431074 0.033555 0.041303
1 0.795757 0.194444 0.029885 0.037494
1 0.795956 0.134087 0.029864 0.037830
1 0.796463 0.082444 0.029491 0.039749
1 0.792389 0.863215 0.031098 0.041464
1 0.687090 0.745639 0.030011 0.043137
1 0.691102 0.136659 0.031176 0.040554
1 0.691496 0.083242 0.028782 0.041429
1 0.688579 0.806214 0.028893 0.037214
1 0.688138 0.867272 0.029848 0.040617
1 0.866809 0.082714 0.028866 0.038313
1 0.864990 0.133261 0.030226 0.040841
1 0.863951 0.193433 0.029607 0.043200
1 0.932452 0.087352 0.029008 0.039357
1 0.930974 0.143159 0.027785 0.039623
1 0.863468 0.313470 0.024913 0.034421
1 0.864893 0.373187 0.028026 0.044593
1 0.863943 0.428504 0.030599 0.041709
1 0.864205 0.488540 0.029150 0.034778
1 0.864323 0.544099 0.027044 0.039420
1 0.862754 0.610464 0.025826 0.035625
1 0.862782 0.669435 0.028016 0.039013
1 0.862307 0.739856 0.030079 0.040631
1 0.862667 0.797355 0.026735 0.037333
1 0.861706 0.861377 0.031397 0.039413
1 0.931034 0.204819 0.026288 0.041331
1 0.932507 0.263486 0.027249 0.039728
1 0.929913 0.326221 0.027869 0.039749
1 0.929887 0.383002 0.029055 0.040029
1 0.930207 0.443139 0.028761 0.040470
1 0.929422 0.502874 0.028273 0.038761
1 0.928897 0.558622 0.026215 0.041961
1 0.927186 0.619638 0.028599 0.037928
1 0.927159 0.680332 0.031707 0.037368
1 0.928937 0.742576 0.027323 0.038621
1 0.926965 0.801978 0.029953 0.040295
1 0.926540 0.859995 0.027433 0.040470
1 0.586875 0.092595 0.030310 0.040519
1 0.587473 0.145599 0.032001 0.041954
1 0.586019 0.205082 0.029323 0.040638
1 0.587948 0.269395 0.028446 0.038873
1 0.587594 0.330967 0.029239 0.039231
1 0.586008 0.388819 0.027843 0.039119
1 0.585846 0.503381 0.029649 0.040533
1 0.585255 0.559966 0.030200 0.040407
1 0.585832 0.625308 0.030126 0.043473
1 0.586250 0.684497 0.028200 0.040211
1 0.586980 0.755978 0.029964 0.040253
1 0.585848 0.816686 0.030599 0.041233
1 0.585895 0.879120 0.030767 0.041268
1 0.521844 0.098433 0.029365 0.041947
1 0.520075 0.152232 0.032127 0.043501
1 0.521382 0.276049 0.029449 0.040547
1 0.520211 0.397251 0.029911 0.039910
1 0.519789 0.451350 0.029801 0.039308
1 0.519623 0.509160 0.028756 0.038369
1 0.521427 0.566438 0.028289 0.039952
1 0.520568 0.626813 0.028746 0.040407
1 0.519663 0.687150 0.029013 0.040197
1 0.520258 0.752510 0.028578 0.040554
1 0.520306 0.812693 0.028620 0.039112
1 0.519938 0.872032 0.029659 0.041807
1 0.461788 0.101037 0.029769 0.039609
1 0.462187 0.155634 0.032384 0.042577
1 0.461423 0.216863 0.031077 0.040190
1 0.461486 0.338440 0.029649 0.040078
1 0.462027 0.398567 0.029712 0.040946
1 0.462770 0.452992 0.029822 0.039763
1 0.462124 0.631220 0.030945 0.038845
1 0.462182 0.689796 0.028383 0.041485
1 0.461515 0.756279 0.029171 0.040477
1 0.462072 0.817610 0.031176 0.042605
1 0.462016 0.875056 0.030961 0.041877