0 0.187952 0.503008 0.075268 0.109855
0 0.429425 0.236138 0.064632 0.115781
0 0.719961 0.199648 0.073516 0.109900
0 0.422751 0.477427 0.074074 0.119431
0 0.587863 0.490508 0.076417 0.104520
0 0.720731 0.508739 0.075201 0.113906
0 0.846021 0.495098 0.076094 0.110519
0 0.192790 0.853320 0.073672 0.106908
0 0.403510 0.770898 0.080045 0.114386
0 0.515290 0.708828 0.075960 0.115324
0 0.659185 0.750162 0.071741 0.115926
0 0.782143 0.762857 0.072857 0.114286
0 0.899386 0.754283 0.066808 0.115374
0 0.700806 0.922670 0.064470 0.117517
0 0.044478 0.417447 0.076155 0.115698
0 0.547436 0.938770 0.075452 0.117818