0 0.408080 0.251301 0.045633 0.081925
0 0.136072 0.268202 0.052399 0.086402
0 0.874362 0.288900 0.044536 0.087281
0 0.971621 0.400838 0.041782 0.075282
0 0.796383 0.643941 0.051039 0.079944
0 0.956723 0.181512 0.046438 0.079356
0 0.860083 0.163369 0.047810 0.076815
0 0.794810 0.514646 0.051486 0.081281
0 0.407148 0.598957 0.053786 0.078534
0 0.789314 0.409322 0.049438 0.076334
0 0.879690 0.522299 0.054900 0.081824
0 0.963478 0.512284 0.053031 0.079849
0 0.151325 0.840247 0.056456 0.074846
0 0.250336 0.833204 0.048878 0.073956
0 0.595524 0.302743 0.052382 0.078231
0 0.513283 0.622798 0.046534 0.084801
0 0.692836 0.405730 0.056193 0.084482
0 0.773994 0.182214 0.049488 0.083257
0 0.137984 0.155679 0.055561 0.084505
0 0.682561 0.185407 0.060480 0.081248
0 0.139637 0.381657 0.051503 0.074907
0 0.146400 0.507527 0.048901 0.080800
0 0.968820 0.854156 0.049835 0.082608
0 0.600927 0.732833 0.048403 0.078836
0 0.701337 0.522668 0.050238 0.079720
0 0.972516 0.739051 0.053725 0.088641