0 0.211049 0.228337 0.018583 0.029302
1 0.069383 0.116429 0.031774 0.040881
1 0.950698 0.118852 0.028938 0.040310
1 0.065038 0.888034 0.029672 0.039980
1 0.960570 0.876102 0.028477 0.037093
0 0.241285 0.279745 0.022397 0.021882
0 0.129775 0.439338 0.017312 0.030226
0 0.149883 0.633409 0.023131 0.023779
0 0.143904 0.705976 0.026865 0.026633
0 0.173935 0.521873 0.023840 0.029006
0 0.186111 0.394014 0.028741 0.026376
0 0.210499 0.336080 0.021117 0.028894
0 0.347751 0.299757 0.020479 0.028172
0 0.357676 0.231361 0.019930 0.029062
0 0.263368 0.410489 0.027356 0.021820
0 0.227901 0.489042 0.028993 0.024221
0 0.286384 0.339452 0.022091 0.030310
0 0.354921 0.434388 0.016233 0.028038
0 0.283797 0.459857 0.023387 0.025989
0 0.438566 0.183082 0.025040 0.024618
0 0.595244 0.244401 0.025258 0.030651
0 0.806605 0.174030 0.027642 0.026101
0 0.477257 0.237557 0.022342 0.017724
0 0.428328 0.367246 0.021373 0.029980
0 0.332027 0.365268 0.025837 0.025866
0 0.233255 0.330923 0.025175 0.021971
0 0.490662 0.282425 0.024826 0.021714
0 0.678792 0.261702 0.023358 0.023236
0 0.824865 0.305966 0.020987 0.024630
0 0.736775 0.291774 0.024369 0.025200
0 0.870429 0.391316 0.021495 0.026958
0 0.705735 0.369535 0.023991 0.031636
0 0.598741 0.318074 0.027184 0.021792
0 0.544613 0.310913 0.027390 0.026443
0 0.512088 0.389450 0.023991 0.024355
0 0.392146 0.459505 0.020328 0.028944
0 0.290915 0.518331 0.021814 0.030931
0 0.220611 0.547591 0.026924 0.023113
0 0.729577 0.409667 0.024952 0.028648
0 0.655438 0.405131 0.019011 0.030064
0 0.478855 0.415702 0.024012 0.030925
0 0.470162 0.482651 0.025145 0.025933
0 0.377765 0.559369 0.024830 0.030304
0 0.413133 0.545252 0.021419 0.027747
0 0.215849 0.738816 0.019951 0.031726
0 0.533363 0.468423 0.020782 0.021328
0 0.509915 0.534655 0.021499 0.027070
0 0.369107 0.598079 0.027033 0.022872
0 0.429039 0.410646 0.022846 0.025402
0 0.763301 0.471218 0.020928 0.032369
0 0.449129 0.636391 0.024281 0.023947
0 0.375671 0.669678 0.021415 0.028905
0 0.294427 0.634259 0.014010 0.025614
0 0.281281 0.744127 0.020849 0.029051
0 0.259522 0.582510 0.016225 0.033718
0 0.230708 0.800457 0.018142 0.028989
0 0.327559 0.678719 0.021465 0.022206
0 0.331393 0.618844 0.018042 0.026202
0 0.577745 0.495663 0.014480 0.024848
0 0.456958 0.390622 0.023962 0.023902
0 0.840922 0.501738 0.024713 0.022055
0 0.584175 0.400063 0.021684 0.021104
0 0.697482 0.466984 0.021029 0.022357
0 0.672387 0.532089 0.026257 0.024053
0 0.591988 0.556915 0.023924 0.027612
0 0.638137 0.521384 0.020433 0.022911
0 0.547114 0.596632 0.023899 0.024456
0 0.417614 0.587854 0.025607 0.026342
0 0.500248 0.579611 0.022707 0.018373
0 0.612925 0.646056 0.022976 0.027640
0 0.546479 0.679657 0.017106 0.028032
0 0.490251 0.706665 0.016275 0.028961
0 0.583724 0.746981 0.019498 0.031446
0 0.392652 0.730888 0.023295 0.023684
0 0.816614 0.646034 0.027293 0.023712
0 0.317577 0.769587 0.020559 0.031888
0 0.248473 0.819361 0.022758 0.024322
0 0.331261 0.832255 0.020798 0.023617
0 0.402593 0.800983 0.025665 0.021154
0 0.612954 0.836799 0.018495 0.033645
0 0.520907 0.740327 0.019628 0.027282
0 0.644741 0.610858 0.025359 0.024523
0 0.638754 0.567679 0.029731 0.022212
0 0.782826 0.597379 0.021436 0.030271
0 0.795782 0.738690 0.023761 0.024534
0 0.432255 0.790632 0.018403 0.032196
0 0.716419 0.839477 0.017501 0.027943
0 0.519752 0.636610 0.022258 0.024327
0 0.633175 0.685063 0.022779 0.027584
0 0.415766 0.750199 0.016666 0.027260
0 0.492257 0.610889 0.027461 0.022413
0 0.476432 0.571029 0.023714 0.027680
0 0.883618 0.688857 0.021440 0.021630
0 0.768503 0.661427 0.022514 0.034854
0 0.858758 0.741191 0.026383 0.027243
0 0.882403 0.817067 0.023576 0.027545
0 0.691813 0.772469 0.017815 0.031978
0 0.737627 0.755372 0.016531 0.031731
0 0.673801 0.573690 0.023656 0.026857
0 0.819809 0.522979 0.025569 0.021389
0 0.752071 0.856107 0.025086 0.025799
0 0.864628 0.669345 0.016128 0.030478
0 0.690141 0.601901 0.023828 0.024148
0 0.694727 0.713501 0.020815 0.031731
0 0.788924 0.851767 0.015474 0.030562
0 0.657612 0.814517 0.028049 0.027316
0 0.740264 0.719391 0.018340 0.029812
0 0.844495 0.557654 0.025498 0.025878
0 0.823308 0.584804 0.019485 0.028457
0 0.878380 0.609926 0.015772 0.036236
0 0.857306 0.612151 0.026416 0.025094
0 0.667853 0.788534 0.025103 0.021943
0 0.600614 0.418954 0.016968 0.028228
2 0.564385 0.856340 0.021600 0.032979
2 0.222683 0.610040 0.018639 0.026070
2 0.701610 0.643947 0.024829 0.026889
2 0.280599 0.579809 0.019447 0.023178