0 0.273592 0.407633 0.020471 0.022072
1 0.152047 0.202883 0.027633 0.037837
1 0.944294 0.209593 0.026178 0.038152
1 0.940955 0.895875 0.028394 0.037242
1 0.143599 0.884150 0.027990 0.036836
0 0.225176 0.429645 0.018639 0.031600
0 0.349972 0.353134 0.024204 0.023402
0 0.350211 0.316245 0.017583 0.032944
0 0.382555 0.302906 0.030116 0.031537
0 0.189695 0.406376 0.016885 0.031922
0 0.221464 0.682635 0.024624 0.028632
0 0.283358 0.748624 0.023768 0.028527
0 0.267801 0.578153 0.026152 0.035324
0 0.280985 0.534726 0.025826 0.030389
0 0.301936 0.634524 0.029150 0.027169
0 0.366439 0.712285 0.020681 0.033287
0 0.444257 0.806168 0.025181 0.040680
0 0.407996 0.419726 0.023275 0.031334
0 0.350948 0.540991 0.024068 0.026721
0 0.471134 0.436159 0.016602 0.040148
0 0.592395 0.772524 0.027953 0.032265
0 0.523850 0.757820 0.031056 0.030046
0 0.669714 0.798065 0.023296 0.030662
0 0.633235 0.747777 0.019589 0.035135
0 0.540627 0.510452 0.025191 0.025608
0 0.598554 0.590722 0.017977 0.024145
0 0.530717 0.621909 0.028567 0.031257
0 0.473344 0.620401 0.026987 0.031796
0 0.532770 0.689971 0.026929 0.029836
0 0.536891 0.440293 0.025690 0.037116
0 0.425952 0.674700 0.024671 0.034841
0 0.406678 0.626694 0.031875 0.029108
0 0.629765 0.512807 0.023212 0.035569
0 0.599770 0.358892 0.028966 0.035856
0 0.537196 0.399257 0.028693 0.039273
0 0.493503 0.330810 0.025669 0.029703
0 0.451721 0.486836 0.027748 0.034547
0 0.408243 0.490847 0.023516 0.034449
0 0.349313 0.472765 0.019957 0.034953
0 0.305850 0.567575 0.023327 0.024292
0 0.294234 0.592213 0.020560 0.031859
0 0.458260 0.722268 0.030084 0.025587
0 0.335754 0.622994 0.020277 0.032013
0 0.369742 0.565482 0.021983 0.023592
0 0.365762 0.453794 0.021794 0.038761
0 0.457047 0.555713 0.015226 0.033567
0 0.387803 0.448732 0.020996 0.030263
0 0.472935 0.554467 0.019395 0.027253
0 0.494513 0.723647 0.022587 0.028261
0 0.492881 0.535926 0.018250 0.028352
0 0.571541 0.707056 0.025821 0.027743
0 0.654809 0.472450 0.030678 0.032321
0 0.637687 0.254802 0.024241 0.031432
0 0.636889 0.658655 0.026519 0.025377
0 0.624950 0.712793 0.020902 0.034344
0 0.522275 0.357355 0.020335 0.024579
0 0.512186 0.302454 0.019815 0.035660
0 0.695231 0.302979 0.021038 0.033420
0 0.535288 0.314369 0.020676 0.027428
0 0.675613 0.376740 0.016014 0.033273
0 0.708756 0.706394 0.028641 0.030298
0 0.680945 0.578811 0.022708 0.033854
0 0.560988 0.322280 0.020749 0.027428
0 0.745616 0.326525 0.033046 0.034855
0 0.835549 0.355896 0.020130 0.037130
0 0.703647 0.475106 0.020965 0.031558
0 0.773330 0.748960 0.029827 0.032237
0 0.733026 0.803259 0.029496 0.027666
0 0.826600 0.534953 0.026309 0.031600
0 0.725772 0.428067 0.025385 0.034029
0 0.840684 0.410954 0.027029 0.032034
0 0.772666 0.398413 0.026231 0.031817
0 0.691149 0.399411 0.020067 0.025216
0 0.768654 0.492706 0.021526 0.037410
0 0.782379 0.783721 0.028005 0.020133
0 0.800277 0.513024 0.020329 0.035177
0 0.705320 0.551320 0.023501 0.030858
0 0.719711 0.575367 0.021936 0.022317