0 0.194227 0.257737 0.045912 0.074370
0 0.522346 0.219296 0.037619 0.073251
0 0.706220 0.259782 0.045677 0.073558
0 0.896339 0.288497 0.050255 0.072876
0 0.188580 0.147500 0.045778 0.086480
0 0.811585 0.171450 0.045190 0.077006
0 0.703967 0.155841 0.050328 0.079502
0 0.351260 0.345507 0.048375 0.076088
0 0.260890 0.166726 0.052203 0.084538
0 0.883658 0.406908 0.052572 0.082037
0 0.143034 0.453450 0.046119 0.083789
0 0.289659 0.573253 0.051055 0.069143
0 0.109229 0.222041 0.055169 0.083419
0 0.107679 0.111090 0.048767 0.078914
0 0.900038 0.175485 0.053792 0.075898
0 0.442744 0.226008 0.043484 0.080766
0 0.289381 0.470213 0.043282 0.079104
0 0.800795 0.387071 0.045213 0.072529
0 0.397231 0.689828 0.049634 0.078685
0 0.629930 0.482117 0.043719 0.074661
0 0.127244 0.331598 0.050031 0.075332
0 0.150309 0.676610 0.052678 0.081606
0 0.246094 0.796318 0.048241 0.083895
0 0.883288 0.517587 0.051341 0.073777
0 0.818866 0.609775 0.055085 0.080369
0 0.563219 0.702286 0.042952 0.074319
0 0.213059 0.588461 0.051274 0.079647
0 0.216688 0.373276 0.043556 0.073726
0 0.317184 0.807388 0.048364 0.075590
0 0.733356 0.611692 0.048890 0.078942
0 0.745792 0.717667 0.052001 0.079731
0 0.910100 0.719388 0.037104 0.053434
0 0.160042 0.789063 0.049724 0.078517
0 0.393818 0.821093 0.047899 0.078063
0 0.640860 0.700106 0.049058 0.077716
0 0.750400 0.823267 0.053731 0.075763
0 0.205047 0.475334 0.044597 0.077761
0 0.170070 0.896851 0.045470 0.076295
0 0.430169 0.346414 0.045700 0.071107
0 0.325805 0.919539 0.048302 0.076295
0 0.143135 0.569445 0.044978 0.076782
0 0.377577 0.576863 0.049668 0.077694
0 0.477648 0.916156 0.040719 0.075987
0 0.724822 0.947697 0.051386 0.079065
0 0.473196 0.803574 0.050798 0.080319
0 0.706785 0.494821 0.051229 0.082361
0 0.798039 0.945657 0.049125 0.079552
0 0.844617 0.847270 0.044513 0.073984
0 0.641249 0.592079 0.047832 0.075265
0 0.556702 0.588299 0.057620 0.075349
0 0.916648 0.838336 0.046147 0.046825
0 0.902901 0.923073 0.052007 0.078629
0 0.405329 0.925927 0.049981 0.085176
0 0.250322 0.914986 0.046836 0.087034
0 0.539737 0.345921 0.045302 0.078942
0 0.424891 0.096017 0.048397 0.076211
0 0.568496 0.826771 0.051705 0.083968
0 0.472782 0.682041 0.050608 0.079821
0 0.842155 0.734090 0.048207 0.081964