0 0.318023 0.341758 0.017442 0.025027
0 0.275304 0.421322 0.019883 0.027596
0 0.263990 0.615651 0.020954 0.019930
0 0.836061 0.307544 0.022981 0.025090
0 0.378507 0.382599 0.017421 0.028093
2 0.672815 0.374086 0.014354 0.020756
0 0.589476 0.311341 0.024404 0.027099
0 0.849405 0.416271 0.025832 0.027911
2 0.726242 0.859074 0.016770 0.019573
0 0.473903 0.604828 0.018780 0.025839
1 0.222265 0.302482 0.021941 0.027960
1 0.930323 0.876652 0.020245 0.030956
1 0.224966 0.890562 0.020823 0.036626
1 0.917142 0.262772 0.020135 0.032825
0 0.562377 0.349763 0.018917 0.029066
0 0.605645 0.789966 0.022141 0.027652
2 0.770786 0.751152 0.017452 0.023627
2 0.263294 0.749968 0.018366 0.021932
0 0.325518 0.495149 0.021679 0.028226
0 0.659605 0.529185 0.023017 0.032230
0 0.778998 0.438137 0.021400 0.029752
0 0.431901 0.454186 0.019568 0.030879
0 0.636960 0.691756 0.026294 0.026588
0 0.475869 0.504582 0.017935 0.024873
0 0.844448 0.600589 0.020088 0.026854
0 0.305454 0.670363 0.028761 0.025678
0 0.455391 0.327614 0.018371 0.029248
0 0.638244 0.296423 0.023831 0.024901
0 0.449405 0.739863 0.017510 0.028044
0 0.805058 0.678375 0.022025 0.027925
0 0.524761 0.499769 0.020749 0.030046
0 0.852702 0.484540 0.026063 0.028485
0 0.507613 0.387748 0.021663 0.027750
0 0.732314 0.750242 0.019537 0.031383
0 0.404832 0.771344 0.025968 0.029556
0 0.543008 0.855049 0.022792 0.032258
0 0.767190 0.345927 0.023679 0.028296
0 0.704146 0.302920 0.019799 0.033063
0 0.570397 0.469471 0.021925 0.032552
0 0.884317 0.777204 0.031791 0.031390
0 0.300731 0.548608 0.022771 0.025615
0 0.473701 0.658098 0.022902 0.033238
0 0.603915 0.644024 0.022314 0.029437
0 0.677212 0.431294 0.024461 0.024075
0 0.825069 0.378598 0.024866 0.032608
0 0.354280 0.542104 0.026551 0.024173
0 0.442811 0.819812 0.025753 0.027995
0 0.370031 0.605833 0.026047 0.025972
0 0.423258 0.512734 0.023779 0.034148
0 0.504085 0.564198 0.025160 0.026441
0 0.570772 0.786171 0.029953 0.025356
0 0.645069 0.457441 0.025690 0.026371
0 0.623829 0.366991 0.021526 0.033812
0 0.826616 0.724581 0.021353 0.031474
0 0.435980 0.689383 0.025375 0.030396
0 0.416488 0.359361 0.018649 0.032286
0 0.708291 0.642886 0.028908 0.024334
0 0.653982 0.587460 0.021778 0.032769
0 0.493705 0.774411 0.024120 0.024474
0 0.748128 0.445498 0.021899 0.029171
0 0.400782 0.664224 0.022697 0.029122
0 0.618571 0.555024 0.024577 0.026322
0 0.502455 0.470171 0.018875 0.031544
0 0.749703 0.297904 0.025606 0.030214
0 0.622175 0.747025 0.025181 0.031516
0 0.330724 0.407283 0.022030 0.028723
0 0.597517 0.871220 0.022267 0.034456
0 0.846220 0.531558 0.029050 0.025258
0 0.408802 0.870135 0.022419 0.038978
0 0.723617 0.516777 0.016255 0.033049
0 0.760498 0.700451 0.022645 0.027274
0 0.562311 0.537274 0.023259 0.026889
0 0.461258 0.418844 0.021295 0.033476
0 0.751688 0.480080 0.019442 0.023529
0 0.491282 0.740168 0.021248 0.028863
0 0.363604 0.718421 0.026761 0.026630
0 0.754140 0.604016 0.021374 0.030277
0 0.559825 0.577687 0.021794 0.032125
0 0.866468 0.376173 0.025065 0.024537
0 0.652420 0.342535 0.020671 0.030249
0 0.795565 0.312539 0.028861 0.023290
0 0.679346 0.680703 0.019384 0.027092
0 0.520776 0.695796 0.018334 0.029724
0 0.786815 0.403166 0.015226 0.022898
0 0.884949 0.627664 0.027963 0.022352
0 0.410211 0.605983 0.025679 0.023865
0 0.821360 0.454378 0.021752 0.030312
0 0.604463 0.511803 0.024839 0.028240
0 0.457312 0.573757 0.024839 0.022065
0 0.380253 0.475397 0.026635 0.027631
0 0.587394 0.736881 0.024209 0.031796
0 0.658613 0.750049 0.020350 0.036178
0 0.600712 0.405648 0.022083 0.029150
0 0.482671 0.862910 0.023075 0.031530
0 0.337289 0.625518 0.019673 0.035366
0 0.809153 0.829189 0.021553 0.035408
0 0.793945 0.562679 0.026063 0.025181
0 0.763485 0.872098 0.024283 0.029997
0 0.655161 0.654262 0.026288 0.029360
0 0.323933 0.735761 0.024209 0.026686
0 0.691264 0.583249 0.023669 0.030326
0 0.554577 0.388119 0.021778 0.028352
0 0.504332 0.607492 0.020823 0.027484
0 0.307848 0.803721 0.018607 0.031838
0 0.696625 0.739790 0.026955 0.026623
0 0.680063 0.828160 0.016859 0.032076
0 0.719212 0.586725 0.020256 0.029801
0 0.839531 0.778257 0.024619 0.031733
0 0.735220 0.390646 0.019132 0.025412
0 0.507335 0.657136 0.020917 0.024271
0 0.519379 0.325976 0.022629 0.024712
0 0.535377 0.655567 0.019279 0.031383
0 0.683142 0.489716 0.024887 0.024152
0 0.544197 0.748705 0.028740 0.028716
0 0.791173 0.638518 0.024120 0.027036
0 0.697793 0.872011 0.024146 0.026252
0 0.772553 0.509930 0.021395 0.024551
0 0.704243 0.362298 0.022377 0.032559
0 0.367012 0.664350 0.018969 0.026140
0 0.466072 0.767176 0.019972 0.023879
0 0.410253 0.723769 0.025553 0.031474