0 0.226207 0.295722 0.051391 0.079614
0 0.786452 0.293042 0.050496 0.079311
0 0.238298 0.185015 0.049214 0.077845
0 0.704552 0.396053 0.047144 0.076939
0 0.580106 0.303280 0.047849 0.081623
0 0.233390 0.733670 0.054766 0.079714
0 0.477771 0.415260 0.050177 0.086262
0 0.219338 0.503394 0.050714 0.083011
0 0.590750 0.415213 0.055919 0.082854
0 0.692509 0.736099 0.051867 0.073099
0 0.790736 0.398894 0.050647 0.075142
0 0.709524 0.172298 0.049242 0.076295
0 0.329213 0.252101 0.055432 0.081097
0 0.125733 0.388325 0.050345 0.072450
0 0.128545 0.492733 0.058342 0.081936
0 0.695329 0.299729 0.053467 0.086564
0 0.145197 0.615514 0.051408 0.077979
0 0.334046 0.601697 0.041760 0.074588
0 0.331016 0.711679 0.051850 0.081287
0 0.516565 0.628028 0.048856 0.069932
0 0.687841 0.620030 0.048397 0.081505
0 0.789659 0.604221 0.051011 0.080386
0 0.415968 0.368962 0.050518 0.075316
0 0.142732 0.846011 0.047877 0.080498
0 0.871147 0.388697 0.051111 0.087074
0 0.879609 0.696214 0.047754 0.080878
0 0.422499 0.723574 0.051783 0.085691
0 0.596727 0.518294 0.047300 0.081337
0 0.503761 0.731518 0.049046 0.084130
0 0.146915 0.734109 0.049539 0.085854
0 0.881458 0.287025 0.044748 0.079323
0 0.505994 0.527117 0.047905 0.077560
0 0.591159 0.203721 0.052639 0.077929
0 0.132608 0.286569 0.055477 0.079463
0 0.956318 0.296587 0.050653 0.076709
0 0.780064 0.500045 0.044368 0.074409
0 0.690880 0.505901 0.049584 0.078298
0 0.411099 0.482718 0.048425 0.081640
0 0.606275 0.633523 0.054374 0.080039
0 0.594192 0.735371 0.050625 0.079670
0 0.232783 0.607951 0.050541 0.077403
0 0.873637 0.484140 0.051761 0.087840
0 0.246888 0.845907 0.048397 0.085361
0 0.244216 0.955375 0.046175 0.077241
0 0.322263 0.370576 0.048727 0.079933
0 0.691871 0.855514 0.048912 0.079132
0 0.794429 0.827761 0.048173 0.081796
0 0.968523 0.701166 0.051134 0.079737
0 0.870635 0.592426 0.051106 0.071359
0 0.519990 0.938541 0.047244 0.081203
0 0.793554 0.943186 0.043176 0.081886
0 0.889699 0.935552 0.051436 0.084729
0 0.429075 0.927474 0.049253 0.079474
0 0.337854 0.933241 0.054167 0.084874
0 0.606630 0.949804 0.046377 0.080492
0 0.867887 0.190830 0.050233 0.087628
0 0.325794 0.495044 0.055152 0.081321
0 0.957213 0.399137 0.055040 0.074342
0 0.957848 0.194834 0.047065 0.077425
0 0.791239 0.159812 0.047625 0.078825
0 0.961721 0.495302 0.054643 0.078724
0 0.612422 0.851590 0.048962 0.082356
0 0.421111 0.271803 0.053048 0.073189
0 0.432377 0.611552 0.055924 0.079468
0 0.487666 0.302477 0.055023 0.079132
0 0.965613 0.596386 0.047272 0.078271
0 0.878889 0.812469 0.054217 0.072087
0 0.420344 0.154269 0.050563 0.077051
0 0.341509 0.819470 0.057021 0.080257
0 0.967141 0.808037 0.047541 0.075276