0 0.091405 0.159107 0.048498 0.083190
0 0.256749 0.143807 0.052337 0.077425
0 0.428613 0.145029 0.044390 0.087538
0 0.625330 0.132180 0.055102 0.082904
0 0.807917 0.111734 0.043349 0.076060
0 0.283995 0.515762 0.047765 0.084611
0 0.805295 0.238480 0.052522 0.081533
0 0.912599 0.043456 0.046970 0.082602
0 0.915618 0.153930 0.052539 0.077616
0 0.647248 0.372188 0.047172 0.083425
0 0.360234 0.266725 0.048940 0.079619
0 0.337046 0.141238 0.048823 0.087297
0 0.084687 0.281496 0.050675 0.078002
0 0.451656 0.258048 0.046153 0.084270
0 0.081069 0.530139 0.046685 0.091125
0 0.182153 0.281678 0.049455 0.083503
0 0.347220 0.639581 0.053076 0.090588
0 0.372384 0.393829 0.051111 0.082283
0 0.545521 0.520950 0.052830 0.086559
0 0.735329 0.503699 0.049847 0.089687
0 0.920845 0.269643 0.047289 0.084191
0 0.536150 0.265538 0.047026 0.080324
0 0.275992 0.399677 0.052690 0.087991
0 0.459681 0.400738 0.053104 0.089777
0 0.462407 0.527618 0.053865 0.088758
0 0.646954 0.527526 0.045554 0.092267
0 0.830344 0.492179 0.055387 0.079642
0 0.932393 0.646028 0.052488 0.088249
0 0.540296 0.635711 0.049533 0.088400
0 0.270018 0.274554 0.050983 0.079686
0 0.517332 0.134396 0.049416 0.090840
0 0.699087 0.098776 0.054951 0.085087
0 0.815824 0.368019 0.050837 0.093274
0 0.929707 0.527763 0.051850 0.081628
0 0.644425 0.756122 0.047233 0.090146
0 0.095239 0.774207 0.056254 0.087768
0 0.446191 0.784980 0.042308 0.080638
0 0.638325 0.646691 0.050098 0.091142
0 0.826768 0.623013 0.056932 0.085680
0 0.921195 0.398088 0.048056 0.083492
0 0.632824 0.240665 0.052539 0.085053
0 0.183602 0.416911 0.053675 0.091511
0 0.706914 0.242951 0.052941 0.084835
0 0.727603 0.642939 0.054710 0.082921
0 0.934304 0.762046 0.053210 0.080302
0 0.922866 0.876463 0.050972 0.082149
0 0.736051 0.889268 0.052264 0.074773
0 0.563594 0.384203 0.055107 0.085932
0 0.718571 0.360749 0.061134 0.073911
0 0.448567 0.650533 0.058185 0.091092
0 0.543128 0.768331 0.052309 0.081500
0 0.637567 0.881357 0.053350 0.079502
0 0.729352 0.768731 0.049645 0.070749
0 0.830313 0.757843 0.059657 0.090890
0 0.831197 0.877191 0.053042 0.089043
0 0.109635 0.661883 0.045705 0.073374
0 0.164286 0.163654 0.055169 0.083878
0 0.378570 0.521076 0.047446 0.082513
0 0.552270 0.888759 0.057016 0.082596
0 0.376657 0.879477 0.050434 0.090180
0 0.281804 0.889103 0.055348 0.082804
0 0.193455 0.885115 0.049483 0.092972
0 0.254978 0.644291 0.043859 0.076614
0 0.358779 0.764626 0.051716 0.088629
0 0.110346 0.875565 0.048369 0.089374
0 0.472681 0.893541 0.052354 0.077722
0 0.266652 0.769265 0.051884 0.086413
0 0.187424 0.767654 0.050697 0.076429
0 0.178823 0.535629 0.050395 0.088719
0 0.098423 0.410520 0.046203 0.088355
0 0.175501 0.654579 0.055874 0.077661