0 0.186688 0.242732 0.063331 0.102818
0 0.315307 0.233917 0.055313 0.100223
0 0.467893 0.085173 0.066434 0.099833
0 0.469540 0.244383 0.065910 0.100073
0 0.109297 0.412268 0.069621 0.104302
0 0.715432 0.292592 0.056077 0.101378
0 0.806183 0.284129 0.073181 0.107154
0 0.900114 0.210053 0.072137 0.095742
0 0.190896 0.526479 0.065061 0.095681
0 0.328836 0.482020 0.063410 0.094397
0 0.461010 0.505109 0.064732 0.099470
0 0.535170 0.363633 0.056267 0.100112
0 0.641281 0.525703 0.069291 0.108839
0 0.118094 0.687140 0.067773 0.101256
0 0.228078 0.676911 0.061021 0.102695
0 0.348926 0.670600 0.063789 0.102104
0 0.515212 0.605672 0.071540 0.103231
0 0.774573 0.472907 0.067227 0.096384
0 0.852673 0.614436 0.069129 0.102701
0 0.760882 0.670519 0.071897 0.107176
0 0.616443 0.732419 0.063644 0.101836
0 0.506091 0.810407 0.073030 0.105379
0 0.332380 0.829414 0.085586 0.096373
0 0.207840 0.903069 0.068281 0.096138
0 0.112517 0.847746 0.069386 0.099163
0 0.593694 0.923677 0.074933 0.100167
0 0.806613 0.792238 0.059833 0.109420
0 0.916038 0.919858 0.087723 0.093432
0 0.760979 0.924344 0.061110 0.107829