0 0.162542 0.225508 0.014756 0.028849
1 0.038236 0.085196 0.031074 0.039964
1 0.960824 0.068558 0.034346 0.042706
1 0.969585 0.878436 0.033625 0.044222
1 0.028026 0.877185 0.029106 0.043814
0 0.214164 0.138353 0.023412 0.022195
0 0.416014 0.136755 0.015600 0.032006
0 0.215173 0.462443 0.023098 0.021759
0 0.433697 0.180284 0.023484 0.016638
0 0.206448 0.242179 0.021247 0.028726
0 0.834322 0.258490 0.025980 0.021680
0 0.454860 0.349072 0.018667 0.021233
0 0.356639 0.517995 0.019175 0.026902
0 0.675767 0.150668 0.015772 0.030976
0 0.850667 0.126139 0.016812 0.030304
0 0.514563 0.727173 0.021348 0.032515
0 0.286895 0.243105 0.024617 0.024221
0 0.146889 0.433051 0.025527 0.029000
0 0.135194 0.201029 0.018927 0.030897
0 0.758083 0.482870 0.026295 0.020662
0 0.288259 0.353233 0.015260 0.024630
0 0.880442 0.111907 0.015113 0.031233
0 0.372952 0.215865 0.018000 0.030707
0 0.682721 0.462314 0.028086 0.022811
0 0.622287 0.286309 0.017551 0.031720
0 0.253409 0.323354 0.018935 0.028883
0 0.199852 0.521540 0.017899 0.032224
0 0.435790 0.289337 0.025833 0.023762
0 0.599681 0.116558 0.018163 0.029129
0 0.233540 0.222777 0.027717 0.021484
0 0.447817 0.113172 0.019535 0.027920
0 0.617366 0.657691 0.020026 0.034110
0 0.902176 0.180197 0.017505 0.032627
0 0.206756 0.353065 0.022544 0.029409
0 0.640659 0.207014 0.025015 0.031250
0 0.755836 0.184492 0.018495 0.032666
0 0.728279 0.121763 0.019426 0.025637
0 0.376653 0.415492 0.020173 0.025838
0 0.681523 0.266943 0.024835 0.025021
0 0.456752 0.439730 0.021663 0.023891
0 0.295172 0.416301 0.017488 0.028799
0 0.085400 0.279409 0.020786 0.024881
0 0.109711 0.775153 0.017924 0.032565
0 0.670377 0.331007 0.016003 0.032448
0 0.532733 0.143862 0.022737 0.029409
0 0.099903 0.680300 0.016401 0.029151
0 0.343276 0.371676 0.018713 0.028239
0 0.297588 0.193164 0.021491 0.027926
0 0.847579 0.195536 0.024826 0.024624
0 0.346683 0.678817 0.024612 0.025984
0 0.844736 0.347200 0.018596 0.031110
0 0.720252 0.314025 0.019477 0.028950
0 0.455481 0.233057 0.021193 0.026812
0 0.768938 0.697993 0.020706 0.028228
0 0.535251 0.351951 0.026370 0.026073
0 0.283981 0.284065 0.023740 0.030847
0 0.410198 0.209793 0.024058 0.026499
0 0.547404 0.692237 0.022221 0.034860
0 0.773899 0.344824 0.021919 0.027545
0 0.788450 0.170770 0.021314 0.028670
0 0.145626 0.368774 0.025250 0.025044
0 0.583007 0.795076 0.023425 0.028513
0 0.500579 0.313938 0.018755 0.023292
0 0.223705 0.660447 0.016338 0.027064
0 0.399923 0.273354 0.020173 0.029526
0 0.690789 0.382228 0.025217 0.023734
0 0.414138 0.544455 0.020307 0.032341
0 0.273559 0.605399 0.022036 0.022089
0 0.715622 0.646188 0.027906 0.024725
0 0.469650 0.539356 0.020479 0.033796
0 0.496010 0.386713 0.021549 0.024825
0 0.791194 0.306350 0.028070 0.024366
0 0.263739 0.742895 0.022175 0.026521
0 0.498993 0.784104 0.026198 0.022710
0 0.895146 0.837742 0.022796 0.025715
0 0.615696 0.850471 0.020312 0.030064
0 0.905719 0.311635 0.020387 0.029745
0 0.213545 0.767046 0.024424 0.027478
0 0.279794 0.504004 0.021986 0.025559
0 0.331809 0.573273 0.022045 0.030780
0 0.884304 0.382356 0.018038 0.032073
0 0.456039 0.742744 0.016091 0.027842
0 0.197066 0.413237 0.024310 0.027584
0 0.572889 0.516484 0.026114 0.024596
0 0.857497 0.664770 0.019086 0.030114
0 0.762128 0.232150 0.023198 0.030864
0 0.169255 0.473403 0.027058 0.023331
0 0.340265 0.151143 0.026035 0.023432
0 0.646398 0.697059 0.021189 0.029370
0 0.352444 0.315430 0.016724 0.028760
0 0.878812 0.439095 0.020161 0.031060
0 0.415042 0.421324 0.022510 0.018932
0 0.234824 0.540050 0.022926 0.028278
0 0.777010 0.119807 0.021923 0.027971
0 0.187964 0.711307 0.024533 0.020281
0 0.679010 0.724677 0.020236 0.023449
0 0.837314 0.504410 0.024151 0.031720
0 0.905396 0.638372 0.018591 0.034278
0 0.245196 0.425071 0.017219 0.026359
0 0.805655 0.404325 0.025372 0.025922
0 0.442812 0.386030 0.028179 0.020807
0 0.515906 0.479506 0.025032 0.022945
0 0.404553 0.611507 0.017945 0.028172
0 0.608767 0.230687 0.018822 0.021871
0 0.589347 0.669849 0.017660 0.033242
0 0.710721 0.545977 0.024029 0.032599
0 0.447880 0.707476 0.022867 0.029801
0 0.527595 0.593286 0.025435 0.024154
0 0.340192 0.241692 0.022749 0.031188
0 0.575796 0.256581 0.024998 0.025721
0 0.789002 0.767715 0.023173 0.028010
0 0.795860 0.652162 0.022934 0.021216
0 0.755526 0.835826 0.023555 0.028239
0 0.458745 0.800938 0.016334 0.032291
0 0.431750 0.503061 0.019137 0.031631
2 0.489859 0.211743 0.023086 0.029528
2 0.883532 0.276567 0.028310 0.028730
2 0.580154 0.731277 0.019915 0.028541
2 0.484189 0.590852 0.020146 0.026182
2 0.460730 0.574936 0.012764 0.020294
2 0.580795 0.332322 0.016187 0.026007
2 0.698476 0.600089 0.021301 0.025223
0 0.559872 0.831573 0.026152 0.028233
0 0.375735 0.831643 0.023553 0.030697
0 0.125097 0.844205 0.019064 0.036150