2 0.302790 0.337744 0.017132 0.018761
2 0.335402 0.303644 0.022209 0.021911
2 0.789020 0.259913 0.018901 0.028562
2 0.510341 0.280042 0.020314 0.024635
2 0.558977 0.617797 0.022167 0.020553
2 0.465497 0.819714 0.016449 0.022646
2 0.506363 0.749419 0.013168 0.027036
0 0.320544 0.417521 0.020466 0.032482
0 0.511522 0.605245 0.019043 0.029794
0 0.590385 0.545251 0.018712 0.031908
0 0.275023 0.799220 0.018292 0.031516
0 0.257392 0.710328 0.020161 0.038124
0 0.266378 0.658147 0.020482 0.033476
0 0.452610 0.642757 0.027575 0.033483
0 0.425114 0.581293 0.025401 0.032489
0 0.353894 0.675701 0.020938 0.029339
0 0.369506 0.738117 0.021070 0.030823
0 0.687925 0.231295 0.028152 0.029990
0 0.626630 0.239328 0.023254 0.026441
0 0.545880 0.229933 0.022540 0.034477
0 0.412167 0.265965 0.021169 0.035681
0 0.614547 0.752048 0.030158 0.028849
0 0.582029 0.490602 0.028609 0.029003
0 0.705616 0.413226 0.017478 0.035905
0 0.762299 0.639018 0.023611 0.029255
0 0.441262 0.526868 0.019621 0.035870
2 0.489946 0.389624 0.021810 0.028814
2 0.911973 0.343176 0.022513 0.029024
0 0.513102 0.541166 0.019116 0.034589
0 0.651013 0.579760 0.021227 0.032671
0 0.837219 0.635242 0.021495 0.030172
0 0.547187 0.454679 0.028032 0.028772
0 0.432454 0.423233 0.021127 0.030270
0 0.377095 0.484284 0.021495 0.032398
0 0.310311 0.506566 0.024677 0.024166
0 0.414123 0.699170 0.026204 0.024810
0 0.522771 0.694059 0.026504 0.027946
0 0.350785 0.350152 0.014449 0.032181
0 0.812665 0.441123 0.016155 0.030823
0 0.931176 0.708400 0.026750 0.035275
0 0.609052 0.438554 0.018654 0.031033
0 0.411697 0.333708 0.021469 0.032013
0 0.655573 0.387608 0.025716 0.031222
0 0.677532 0.627324 0.032169 0.026882
0 0.583528 0.688344 0.021925 0.032489
0 0.676947 0.441802 0.021862 0.027435
0 0.619377 0.632182 0.030137 0.028688
0 0.737927 0.522814 0.018843 0.024768
0 0.654024 0.314894 0.017694 0.031810
0 0.771952 0.465054 0.027890 0.029290
0 0.524805 0.650618 0.026498 0.024397
0 0.627394 0.703332 0.022818 0.031817
0 0.521379 0.405392 0.023017 0.032097
0 0.439605 0.385798 0.027543 0.033777
0 0.611612 0.335682 0.030578 0.023879
0 0.681152 0.497179 0.026556 0.033084
0 0.560242 0.725215 0.023942 0.021554
0 0.791186 0.757347 0.020587 0.030165
0 0.573581 0.425477 0.023653 0.026665
0 0.264575 0.256615 0.019195 0.029234
0 0.903977 0.489594 0.022177 0.038243
0 0.403126 0.651780 0.023658 0.037235
0 0.899653 0.620012 0.024965 0.031131
0 0.596814 0.388731 0.022466 0.031061
0 0.884708 0.387216 0.029591 0.024250
0 0.435949 0.484035 0.027612 0.020728
0 0.585486 0.272188 0.024288 0.034183
0 0.547589 0.541614 0.020319 0.030431
0 0.657615 0.783308 0.025349 0.024432
0 0.548230 0.838797 0.022513 0.040666
0 0.665577 0.539528 0.025837 0.023024
0 0.724615 0.355227 0.019122 0.033049
0 0.690921 0.329028 0.020398 0.029654
0 0.341926 0.584390 0.024524 0.017459
0 0.735863 0.491382 0.023653 0.029654
0 0.291570 0.724326 0.022939 0.034323
0 0.470595 0.495075 0.018245 0.031215
0 0.714891 0.295538 0.027134 0.024810
0 0.734743 0.228558 0.028005 0.027316
0 0.866728 0.330971 0.027906 0.027701
0 0.685098 0.833169 0.022718 0.033763
0 0.443903 0.737371 0.026036 0.034652
0 0.277814 0.415974 0.024860 0.030774
0 0.302159 0.268467 0.023369 0.036374
0 0.816267 0.322934 0.026005 0.027645
0 0.841482 0.263490 0.023280 0.037606
0 0.471275 0.238778 0.027953 0.032356
0 0.572050 0.791324 0.025601 0.028870
0 0.313309 0.679680 0.025958 0.028926
0 0.727907 0.571527 0.019584 0.034435
0 0.754153 0.290648 0.026441 0.028653
0 0.465503 0.329270 0.024871 0.024887
0 0.274637 0.573543 0.027055 0.025979
0 0.921166 0.428742 0.030756 0.025356
0 0.550702 0.304919 0.020340 0.030004
0 0.498341 0.325073 0.016192 0.030956
0 0.470328 0.765839 0.015819 0.023304
0 0.678966 0.710643 0.019179 0.032734
0 0.848116 0.694868 0.023012 0.031285
0 0.725809 0.753675 0.031623 0.027722
0 0.708394 0.703580 0.016932 0.029066
0 0.838870 0.807428 0.023726 0.028807
0 0.647828 0.816949 0.030977 0.023459
0 0.807271 0.381874 0.025884 0.025930
0 0.935673 0.643810 0.021642 0.026896
0 0.341579 0.456839 0.014265 0.030823
0 0.351641 0.264491 0.021484 0.032552
0 0.328377 0.630208 0.025097 0.028212
0 0.389977 0.526413 0.019841 0.031586
0 0.368975 0.559833 0.021301 0.026322
0 0.243597 0.398133 0.021836 0.024495
0 0.740001 0.818709 0.021742 0.031124
0 0.790737 0.579368 0.024624 0.026315
0 0.804393 0.721589 0.024656 0.018096
0 0.861100 0.565402 0.023348 0.032839
0 0.814847 0.514638 0.027522 0.023087
0 0.825618 0.475253 0.023495 0.024404
0 0.437728 0.295772 0.020146 0.030137
0 0.788199 0.299994 0.017751 0.025881
0 0.274679 0.610250 0.026372 0.025216
0 0.373512 0.374062 0.017373 0.030970
0 0.895747 0.561401 0.025301 0.022429
0 0.738145 0.609536 0.021022 0.027162
0 0.788314 0.816823 0.023191 0.020336
0 0.784104 0.612602 0.019820 0.028072
0 0.754048 0.783109 0.019521 0.028807
0 0.863176 0.528999 0.027701 0.022730
0 0.857474 0.733965 0.022261 0.022982
0 0.314366 0.751407 0.024104 0.021197
0 0.267218 0.483899 0.023107 0.027778
0 0.578902 0.353092 0.020077 0.031089
0 0.685355 0.751001 0.024451 0.024880
0 0.693646 0.535727 0.016323 0.025321