0 0.386632 0.510119 0.017552 0.030501
0 0.219517 0.207675 0.025433 0.031460
0 0.179126 0.259657 0.025916 0.037137
0 0.155326 0.388336 0.023143 0.033350
0 0.161261 0.439835 0.019568 0.038677
0 0.450264 0.499517 0.021778 0.038950
0 0.288621 0.291789 0.020371 0.037193
0 0.199382 0.292521 0.034925 0.032930
0 0.400367 0.687185 0.028305 0.029248
0 0.309064 0.782780 0.023831 0.025629
0 0.692341 0.757476 0.031134 0.027456
0 0.824799 0.729167 0.029470 0.032090
0 0.592143 0.476920 0.024173 0.032734
0 0.758075 0.220777 0.027375 0.033679
0 0.563794 0.184913 0.027002 0.042108
0 0.519749 0.323547 0.029092 0.030900
0 0.460664 0.369792 0.032594 0.033546
0 0.460793 0.599823 0.028147 0.031229
0 0.296429 0.499926 0.020466 0.022996
0 0.607298 0.638276 0.030363 0.036451
0 0.501551 0.445498 0.026614 0.035849
0 0.297222 0.600407 0.024204 0.043711
0 0.695402 0.661448 0.026798 0.031481
0 0.383905 0.446695 0.035555 0.029605
0 0.523682 0.587355 0.031465 0.033357
0 0.638963 0.437675 0.024535 0.037186
0 0.685786 0.571317 0.019852 0.040876
0 0.676955 0.510088 0.023957 0.032902
0 0.514089 0.495345 0.032085 0.029892
0 0.532458 0.762496 0.035051 0.029066
0 0.489318 0.676576 0.024661 0.039210
0 0.259327 0.704882 0.030058 0.040785
0 0.170738 0.714903 0.027244 0.035401
0 0.146295 0.826357 0.027176 0.031915
0 0.210523 0.801044 0.027375 0.035849
0 0.209966 0.869274 0.025401 0.039735
0 0.301036 0.832325 0.032568 0.035254
0 0.268878 0.891150 0.023002 0.036206
0 0.262420 0.595798 0.021710 0.044530
0 0.225974 0.576620 0.028446 0.037452
0 0.173970 0.622700 0.026399 0.033371
0 0.171276 0.570687 0.022713 0.040022
0 0.260532 0.510858 0.022849 0.036010
0 0.230863 0.403086 0.025443 0.032930
0 0.877953 0.680230 0.022813 0.043858
0 0.783765 0.801023 0.027218 0.039350
0 0.787724 0.433405 0.028803 0.045489
0 0.779462 0.585188 0.036117 0.043697
0 0.343309 0.685610 0.026189 0.025328
0 0.351969 0.777967 0.031182 0.042017
0 0.425164 0.758975 0.031087 0.031880
0 0.455107 0.676779 0.026540 0.036437
0 0.442469 0.822931 0.030058 0.037550
0 0.439595 0.870614 0.019731 0.035457
0 0.566524 0.864755 0.030709 0.026469
0 0.856876 0.514074 0.028530 0.040064
0 0.675083 0.315857 0.029402 0.033819
0 0.647482 0.259083 0.021505 0.040386
0 0.562400 0.728334 0.030872 0.034106
0 0.471068 0.880537 0.030741 0.031726
0 0.675335 0.893380 0.025086 0.037585
0 0.602353 0.757728 0.023926 0.039469
0 0.745608 0.808314 0.028819 0.039231
0 0.596630 0.817183 0.019515 0.035394
0 0.584066 0.361213 0.026267 0.034659
0 0.595632 0.266252 0.027748 0.030445
0 0.341461 0.308034 0.027827 0.039651
0 0.263727 0.364244 0.022120 0.032223
0 0.206690 0.482719 0.031880 0.027365
0 0.717443 0.405364 0.024876 0.038173
0 0.191624 0.510487 0.029869 0.030578
0 0.867269 0.404752 0.031339 0.032776
0 0.720170 0.443895 0.025301 0.035331
0 0.722648 0.612235 0.023737 0.044446
0 0.665611 0.768604 0.024939 0.039406
0 0.619611 0.819994 0.025774 0.027645
0 0.795612 0.692600 0.029145 0.033777
0 0.802866 0.639116 0.024173 0.037865
0 0.897983 0.323715 0.029302 0.040743
0 0.830824 0.317162 0.025391 0.036682
0 0.619663 0.370681 0.022288 0.036542
0 0.713484 0.531429 0.026535 0.042290
0 0.793481 0.510392 0.019621 0.034883
0 0.605330 0.420587 0.031476 0.027428
0 0.811726 0.494872 0.026089 0.022674
0 0.342760 0.390359 0.023495 0.033854
0 0.725103 0.298370 0.025391 0.032503
0 0.696951 0.254477 0.027585 0.030627
0 0.399805 0.245005 0.022865 0.037347
0 0.802115 0.344587 0.024110 0.032769
0 0.853390 0.231067 0.022198 0.035443
0 0.615064 0.218134 0.020135 0.035702
0 0.596436 0.194906 0.019515 0.039511
0 0.417614 0.193919 0.027832 0.027232
0 0.394166 0.400646 0.022687 0.033931
0 0.413375 0.297985 0.027281 0.020728
0 0.367812 0.402960 0.019804 0.031012