1 0.100752 0.300059 0.105435 0.143410
1 0.292732 0.300536 0.103091 0.137065
1 0.481945 0.300508 0.102354 0.137701
1 0.671289 0.300441 0.100533 0.138125
1 0.857229 0.299637 0.100813 0.140089
1 0.100824 0.557902 0.103978 0.142600
1 0.291296 0.558976 0.102588 0.138532
1 0.481909 0.557411 0.100440 0.137098
1 0.669369 0.554791 0.101776 0.139760
1 0.855986 0.553795 0.100244 0.138292
1 0.099061 0.816579 0.104121 0.139051
1 0.290888 0.814492 0.103505 0.139286
1 0.480195 0.814805 0.105854 0.144118
1 0.668708 0.814475 0.101734 0.137020
1 0.856442 0.809196 0.098000 0.140290