0 0.183664 0.056088 0.078756 0.106897
0 0.789939 0.103867 0.071083 0.112165
0 0.082098 0.361741 0.063248 0.102087
0 0.330184 0.351175 0.078047 0.100474
0 0.537919 0.376917 0.064129 0.105385
0 0.697134 0.279074 0.082316 0.102310
0 0.864375 0.331914 0.064107 0.110022
0 0.132508 0.594835 0.072751 0.101200
0 0.315854 0.575393 0.054386 0.101468
0 0.482040 0.560678 0.067015 0.105039
0 0.617249 0.537603 0.055513 0.102405
0 0.943803 0.477090 0.061680 0.102706
1 0.791794 0.523831 0.066445 0.078052
0 0.123856 0.851300 0.074643 0.107734
0 0.244090 0.781420 0.063906 0.100675
0 0.458962 0.705522 0.066752 0.102584
0 0.575142 0.704807 0.071680 0.105887
0 0.710580 0.765290 0.067087 0.108705
0 0.822188 0.762369 0.063359 0.102215
0 0.928767 0.676244 0.062667 0.107031
0 0.383934 0.912726 0.078225 0.105140
0 0.578454 0.916473 0.078839 0.094375
0 0.877542 0.947665 0.047517 0.101925