0 0.228088 0.161203 0.056081 0.085188
0 0.379074 0.198038 0.062321 0.084494
0 0.537949 0.207630 0.050110 0.082882
0 0.704919 0.233463 0.047530 0.080431
0 0.866827 0.225552 0.046355 0.083548
0 0.411329 0.636528 0.057614 0.083621
0 0.141333 0.509410 0.052578 0.085462
0 0.239233 0.715543 0.053602 0.078237
0 0.312889 0.393658 0.044015 0.085691
0 0.133534 0.294905 0.052930 0.085736
0 0.874944 0.650718 0.053456 0.082798
0 0.139108 0.623939 0.054956 0.077112
0 0.494244 0.538441 0.056148 0.079782
0 0.593814 0.208906 0.043847 0.072842
0 0.299430 0.166609 0.049354 0.079625
0 0.227192 0.261184 0.061420 0.084723
0 0.411841 0.316420 0.055919 0.082082
0 0.714209 0.324524 0.050921 0.079138
0 0.951530 0.299365 0.049360 0.085221
0 0.594620 0.636534 0.054413 0.085143
0 0.671984 0.120772 0.051582 0.083111
0 0.478709 0.104747 0.057155 0.080341
0 0.139243 0.187637 0.069574 0.076496
0 0.224111 0.496094 0.051050 0.090235
0 0.679699 0.635409 0.056120 0.080722
0 0.410033 0.415417 0.054128 0.083083
0 0.247638 0.386803 0.055493 0.086038
0 0.506425 0.330084 0.059254 0.090459
0 0.688300 0.759813 0.059310 0.079563
0 0.947235 0.532411 0.052063 0.075579
0 0.951466 0.191655 0.054794 0.078007
0 0.865735 0.122683 0.052992 0.079580
0 0.789597 0.181143 0.054671 0.084359
0 0.694095 0.443150 0.061386 0.084578
0 0.772802 0.645248 0.055633 0.084863
0 0.408822 0.750590 0.048067 0.083660
0 0.593062 0.743595 0.054318 0.077448
0 0.576908 0.307102 0.052533 0.083861
0 0.880521 0.513305 0.044194 0.073575
0 0.501494 0.854918 0.048901 0.079597
0 0.767754 0.754262 0.054178 0.079541
0 0.171290 0.852690 0.055656 0.085092
0 0.684954 0.880009 0.046125 0.080934
0 0.599475 0.863611 0.050569 0.084113
0 0.259869 0.838084 0.052813 0.084846
0 0.883050 0.765015 0.053193 0.083106
0 0.327781 0.843484 0.058163 0.091495
0 0.307847 0.619801 0.052231 0.081908
0 0.317369 0.502972 0.056557 0.076468
0 0.964511 0.641923 0.051962 0.089340
0 0.416200 0.860136 0.052930 0.080453
0 0.853443 0.882088 0.050311 0.080559
0 0.950360 0.756906 0.052012 0.080375
0 0.956035 0.418475 0.049225 0.088752
0 0.396705 0.520063 0.054413 0.080621
0 0.337611 0.725972 0.057273 0.078198
0 0.669838 0.530047 0.054475 0.079737
0 0.871519 0.394282 0.047479 0.081600
0 0.810536 0.391562 0.049852 0.077851
0 0.817836 0.302846 0.058734 0.085087
0 0.587476 0.111325 0.053915 0.075165
0 0.320273 0.286692 0.046528 0.077459
0 0.514786 0.747857 0.062612 0.078405
0 0.777187 0.872932 0.056534 0.081085
0 0.946409 0.870271 0.054878 0.080621
0 0.488905 0.422527 0.054536 0.085585
0 0.452803 0.218168 0.053619 0.082300
0 0.651342 0.304147 0.041939 0.059864
0 0.171377 0.374558 0.057128 0.077588
0 0.579255 0.532098 0.059041 0.072456
0 0.563558 0.415274 0.052662 0.077302
0 0.759231 0.455736 0.054783 0.086234
0 0.509105 0.649048 0.059780 0.073995
0 0.235542 0.615682 0.066143 0.075394
0 0.174122 0.959813 0.054089 0.077532