1 0.162598 0.139116 0.029412 0.037865
1 0.580685 0.127076 0.029218 0.034057
1 0.339951 0.249541 0.029260 0.033231
1 0.678110 0.404937 0.026918 0.036619
1 0.782778 0.113911 0.029549 0.040407
1 0.462219 0.764610 0.026693 0.038418
1 0.460832 0.824495 0.030105 0.042738
1 0.340558 0.191207 0.028184 0.043802
1 0.580818 0.297642 0.027617 0.040246
1 0.343180 0.537249 0.029638 0.037158
1 0.163965 0.311786 0.023117 0.034302
1 0.680281 0.344156 0.028709 0.037606
1 0.781339 0.165060 0.029612 0.040218
1 0.781271 0.282136 0.026966 0.037319
1 0.290197 0.427447 0.027722 0.040309
1 0.227544 0.429334 0.030168 0.039350
1 0.164430 0.429232 0.029108 0.044593
1 0.163338 0.484893 0.028278 0.040603
1 0.165078 0.542101 0.027023 0.034400
1 0.343881 0.481400 0.029979 0.041653
1 0.342086 0.312952 0.028835 0.039013
1 0.682003 0.227389 0.023963 0.034610
1 0.460620 0.307239 0.029880 0.039826
1 0.460817 0.189289 0.028089 0.033175
1 0.461410 0.134766 0.025653 0.039189
1 0.289346 0.312258 0.026483 0.037613
1 0.225644 0.250959 0.026714 0.039833
1 0.227536 0.480920 0.030762 0.041184
1 0.342760 0.592966 0.029166 0.037788
1 0.165107 0.655193 0.030420 0.041275
1 0.342540 0.708032 0.029229 0.037732
1 0.342038 0.650177 0.028866 0.039742
1 0.227077 0.539654 0.030630 0.042920
1 0.226547 0.594359 0.027050 0.039609
1 0.165916 0.595777 0.028068 0.038005
1 0.166068 0.711648 0.032038 0.043228
1 0.225940 0.137646 0.028357 0.039854
1 0.162781 0.195712 0.027197 0.038894
1 0.162949 0.252062 0.029811 0.038831
1 0.163839 0.370961 0.029113 0.037648
1 0.678845 0.457325 0.029281 0.039203
1 0.677986 0.514841 0.030494 0.037886
1 0.679622 0.568282 0.029092 0.040085
1 0.678420 0.630247 0.029806 0.040400
1 0.678028 0.689831 0.030756 0.038698
1 0.679092 0.755663 0.027601 0.039006
1 0.678931 0.813970 0.028457 0.040477
1 0.679078 0.873915 0.027596 0.038572
1 0.782738 0.224784 0.026425 0.038320
1 0.681546 0.116932 0.029307 0.039420
1 0.680045 0.286245 0.029412 0.041240
1 0.680646 0.168315 0.027706 0.038327
1 0.780006 0.340803 0.029349 0.040407
1 0.779706 0.399565 0.028499 0.038852
1 0.780203 0.452729 0.028956 0.037739
1 0.780654 0.509335 0.030531 0.038509
1 0.780197 0.566224 0.031287 0.038558
1 0.779901 0.629421 0.028236 0.035681
1 0.780804 0.685837 0.028058 0.037739
1 0.780029 0.753822 0.029418 0.036528
1 0.779276 0.808814 0.028866 0.040638
1 0.779155 0.868469 0.029559 0.041233
1 0.459326 0.249737 0.026976 0.039196
1 0.461764 0.366330 0.027748 0.039658
1 0.460643 0.423989 0.026703 0.038740
1 0.460454 0.477966 0.029108 0.037193
1 0.460814 0.533935 0.031245 0.039322
1 0.460885 0.588612 0.029202 0.039805
1 0.461541 0.647944 0.029990 0.039308
1 0.460525 0.704763 0.027696 0.040309
1 0.461489 0.880849 0.026892 0.036227
1 0.342724 0.427059 0.030762 0.038047
1 0.343411 0.766574 0.029964 0.040946
1 0.342878 0.824135 0.029612 0.039917
1 0.341949 0.876782 0.029549 0.039784
1 0.580133 0.179477 0.028819 0.039203
1 0.580254 0.238064 0.027696 0.040155
1 0.579613 0.356736 0.029628 0.038670
1 0.579724 0.414287 0.028557 0.039161
1 0.579913 0.465785 0.027864 0.040512
1 0.579375 0.524050 0.030735 0.038229
1 0.579960 0.574663 0.032116 0.034057
1 0.166155 0.770637 0.030363 0.038908
1 0.166937 0.828531 0.031749 0.041093
1 0.168116 0.882140 0.029874 0.039889
1 0.341088 0.368745 0.029139 0.037291
1 0.339594 0.137716 0.029638 0.040932
1 0.226016 0.312934 0.029538 0.039903
1 0.227534 0.369018 0.028404 0.040988
1 0.224707 0.194269 0.029533 0.038838
1 0.580590 0.640657 0.027748 0.040498
1 0.580033 0.698799 0.029974 0.040253
1 0.580131 0.767081 0.028089 0.040393
1 0.579606 0.825209 0.030515 0.040778
1 0.579451 0.882809 0.027654 0.042052
1 0.228025 0.654066 0.029029 0.039777
1 0.227741 0.710987 0.030783 0.043193
1 0.228292 0.770105 0.027706 0.039497
1 0.227605 0.826417 0.028882 0.038712
1 0.228605 0.880156 0.028866 0.040232
1 0.287585 0.138784 0.030541 0.037158
1 0.286889 0.194787 0.029381 0.041667
1 0.287369 0.251743 0.029607 0.040715
1 0.289693 0.481760 0.031366 0.040554
1 0.289320 0.538957 0.029958 0.040701
1 0.289283 0.368448 0.030462 0.037410
1 0.289007 0.595217 0.028378 0.039140
1 0.290294 0.650391 0.030027 0.040281
1 0.289942 0.710248 0.027895 0.040652
1 0.289328 0.770056 0.029502 0.038474
1 0.289249 0.827659 0.032326 0.042920
1 0.289897 0.879995 0.028509 0.038117