0 0.099878 0.138336 0.052852 0.087135
0 0.570570 0.087135 0.056601 0.084371
0 0.699605 0.109991 0.052057 0.081819
0 0.874877 0.095504 0.058359 0.083302
0 0.884752 0.296536 0.043993 0.077470
0 0.121777 0.366267 0.054329 0.081175
0 0.802225 0.409482 0.048442 0.084801
0 0.541256 0.510801 0.050591 0.081785
0 0.539407 0.192369 0.044463 0.072517
0 0.365682 0.283164 0.053770 0.073335
0 0.641918 0.168400 0.048823 0.079737
0 0.646392 0.498646 0.048459 0.074543
0 0.893275 0.727159 0.048571 0.077728
0 0.542124 0.291777 0.049998 0.084561
0 0.974685 0.202507 0.050630 0.081746
0 0.716212 0.215305 0.050787 0.085876
0 0.812447 0.311314 0.044575 0.079949
0 0.969156 0.099548 0.045459 0.081270
0 0.451102 0.391431 0.052063 0.080095
0 0.380135 0.933653 0.049287 0.084723
0 0.458318 0.491180 0.051050 0.080364
0 0.971803 0.301674 0.045325 0.081567
0 0.972287 0.519274 0.049315 0.088120
0 0.198284 0.362876 0.050636 0.083156
0 0.546293 0.628000 0.049651 0.082244
0 0.641048 0.384850 0.049623 0.086475
0 0.129785 0.602894 0.043551 0.085232
0 0.125367 0.713333 0.047742 0.078662
0 0.542969 0.820892 0.049058 0.087656
0 0.290697 0.822372 0.047065 0.077767
0 0.217594 0.820075 0.056540 0.087365
0 0.133736 0.821566 0.051598 0.078013
0 0.806448 0.830523 0.051526 0.081332
0 0.727450 0.719251 0.046198 0.077851
0 0.554626 0.401238 0.052326 0.083917
0 0.286499 0.496407 0.051184 0.083699
0 0.620736 0.822649 0.051386 0.081824
0 0.459782 0.934030 0.046097 0.081807
0 0.300986 0.935930 0.045470 0.086301
0 0.196006 0.250686 0.051117 0.080324
0 0.272469 0.091338 0.051207 0.083195
0 0.551111 0.714323 0.043204 0.043730
0 0.888121 0.625996 0.048324 0.087975
0 0.893241 0.399979 0.050093 0.085428
0 0.796886 0.932337 0.055314 0.083738
0 0.971643 0.630238 0.050378 0.074868
0 0.462644 0.605550 0.058224 0.084063
0 0.364244 0.190939 0.048117 0.085048
0 0.717494 0.412073 0.050272 0.081477
0 0.264718 0.286362 0.050703 0.081589
0 0.370128 0.598560 0.052578 0.082507
0 0.459911 0.818748 0.054760 0.081970
0 0.456130 0.712781 0.047300 0.076284
0 0.196152 0.707664 0.049293 0.084012
0 0.143809 0.927888 0.053356 0.080638
0 0.542308 0.935354 0.057642 0.087980
0 0.884200 0.522268 0.050848 0.083117
0 0.817758 0.207233 0.056014 0.079591
0 0.788466 0.102878 0.043814 0.074163
0 0.380238 0.822173 0.054452 0.084242
0 0.711399 0.937438 0.049959 0.082647
0 0.372669 0.485525 0.047675 0.080850
0 0.205878 0.488175 0.049931 0.082714
0 0.806019 0.716730 0.047043 0.080498
0 0.484036 0.103661 0.049802 0.079166
0 0.811314 0.621553 0.047267 0.080498
0 0.724705 0.507356 0.049807 0.077627
0 0.617227 0.939017 0.050266 0.090303
0 0.382505 0.714553 0.050927 0.072450
0 0.720572 0.620584 0.062920 0.083576
0 0.113315 0.247809 0.051509 0.088596
0 0.267027 0.384108 0.046948 0.069658
0 0.884340 0.197394 0.049483 0.079132
0 0.381052 0.379522 0.045034 0.073861
0 0.976646 0.407112 0.046707 0.084393
0 0.977077 0.733897 0.045845 0.073754
0 0.809173 0.524336 0.055756 0.086581
0 0.890239 0.827991 0.056232 0.079099
0 0.713901 0.821879 0.055734 0.087314
0 0.450553 0.292599 0.057446 0.086452
0 0.649825 0.717857 0.055046 0.083962
0 0.884156 0.930166 0.048912 0.082227
0 0.732808 0.314003 0.058124 0.090734
0 0.637396 0.277098 0.059579 0.085982
0 0.274014 0.181795 0.053165 0.078578
0 0.194910 0.153732 0.058527 0.090000
0 0.291461 0.609691 0.056764 0.082921
0 0.393871 0.103107 0.052113 0.090482