1 0.060331 0.125176 0.031133 0.040131
1 0.969220 0.123226 0.029513 0.041861
1 0.964942 0.900936 0.027755 0.040266
1 0.067482 0.908827 0.030533 0.041866
0 0.112681 0.218350 0.024646 0.022369
0 0.197671 0.145595 0.019779 0.030836
0 0.690641 0.190349 0.024256 0.025172
0 0.574766 0.178756 0.024851 0.031569
0 0.848074 0.369753 0.026765 0.025861
0 0.748525 0.264808 0.026773 0.025161
0 0.629546 0.210182 0.020547 0.034765
0 0.384098 0.255666 0.023895 0.019358
0 0.542889 0.309111 0.018260 0.030427
0 0.194943 0.317752 0.024352 0.023510
0 0.145914 0.340507 0.024583 0.026980
0 0.721282 0.334726 0.023450 0.024003
0 0.703308 0.298680 0.025296 0.025525
0 0.471859 0.250333 0.022464 0.021115
0 0.839997 0.469125 0.023677 0.029840
0 0.215383 0.542378 0.017727 0.030853
0 0.175991 0.734020 0.020559 0.032073
0 0.130314 0.803677 0.020849 0.029006
0 0.152633 0.427052 0.014383 0.023225
0 0.134308 0.457896 0.021940 0.030226
0 0.565542 0.413038 0.022422 0.034552
0 0.281242 0.248069 0.017656 0.030970
0 0.754810 0.461651 0.019556 0.029185
0 0.692554 0.474534 0.018566 0.024137
0 0.609505 0.310161 0.023941 0.025351
0 0.327542 0.284616 0.018864 0.036471
0 0.238239 0.353406 0.020584 0.027461
0 0.860793 0.598885 0.019057 0.025973
0 0.319431 0.395018 0.023328 0.023460
0 0.292629 0.490209 0.020417 0.028793
0 0.188180 0.425356 0.024654 0.023807
0 0.261973 0.568214 0.029853 0.021859
0 0.311550 0.427278 0.016502 0.029330
0 0.296766 0.331981 0.024889 0.025878
0 0.634761 0.397830 0.028812 0.023936
0 0.604848 0.352489 0.019368 0.029532
0 0.332996 0.340627 0.025888 0.028586
0 0.366290 0.772366 0.018487 0.027831
0 0.254280 0.732721 0.022934 0.020533
0 0.784787 0.757480 0.022800 0.031994
0 0.437567 0.809811 0.021012 0.029465
0 0.286713 0.734109 0.019963 0.029912
0 0.274742 0.608012 0.018990 0.028569
0 0.363069 0.392284 0.021612 0.026096
0 0.430535 0.407755 0.024512 0.026460
0 0.366739 0.508109 0.022187 0.030231
0 0.442485 0.447965 0.027004 0.025363
0 0.737744 0.577884 0.020693 0.036052
0 0.547823 0.506139 0.022472 0.028642
0 0.506084 0.536295 0.022858 0.026163
0 0.417692 0.620070 0.022263 0.025945
0 0.375180 0.615120 0.025091 0.025704
0 0.842649 0.727497 0.019128 0.032560
0 0.716440 0.641946 0.024071 0.029392
0 0.909382 0.685986 0.027184 0.023174
0 0.507502 0.477198 0.026811 0.027316
0 0.610806 0.417390 0.025569 0.028054
0 0.411654 0.502283 0.028791 0.026348
0 0.475916 0.604168 0.023496 0.029375
0 0.455405 0.698094 0.027663 0.028385
0 0.311048 0.645469 0.016003 0.029073
0 0.630068 0.527008 0.024268 0.022945
0 0.602632 0.476929 0.026341 0.031099
0 0.859142 0.699708 0.027629 0.024249
0 0.282140 0.692805 0.019577 0.030355
0 0.395494 0.529582 0.021461 0.020964
0 0.519024 0.853283 0.017010 0.028704
0 0.410444 0.717018 0.024533 0.029017
0 0.398798 0.677933 0.025326 0.027070
0 0.757936 0.835053 0.019531 0.032683
0 0.675731 0.819806 0.025384 0.028312
0 0.589168 0.848219 0.027835 0.024954
0 0.548190 0.731585 0.020421 0.023465
0 0.520215 0.713696 0.025561 0.022990
0 0.492527 0.658592 0.017941 0.025592
0 0.507292 0.635115 0.013443 0.016873
0 0.519355 0.610987 0.020148 0.022285
0 0.470046 0.460448 0.025116 0.021518
0 0.669555 0.576818 0.028179 0.023980
0 0.550494 0.684912 0.026614 0.023309
0 0.675538 0.757300 0.015961 0.030685
0 0.596672 0.728720 0.025523 0.025514
0 0.596028 0.690522 0.025124 0.022094
0 0.647733 0.656871 0.017547 0.024400
0 0.663683 0.620184 0.026421 0.022033
0 0.677283 0.648479 0.017933 0.029565
0 0.711227 0.783262 0.025233 0.025055
0 0.331310 0.667930 0.020459 0.030489
0 0.385189 0.412308 0.017954 0.029353