0 0.542276 0.247761 0.023731 0.026471
0 0.662946 0.232425 0.023773 0.022727
0 0.171890 0.234991 0.018608 0.028407
0 0.729455 0.279991 0.019917 0.027411
2 0.024201 0.102119 0.034925 0.043545
2 0.960170 0.090697 0.031359 0.045717
2 0.954587 0.904428 0.033092 0.042135
2 0.017578 0.901703 0.032857 0.042415
0 0.464302 0.209648 0.013158 0.030741
0 0.414660 0.195478 0.023324 0.022492
0 0.839038 0.414437 0.023144 0.024937
0 0.635932 0.266361 0.025254 0.024562
0 0.328408 0.191781 0.020060 0.026885
0 0.232011 0.266179 0.019867 0.030287
0 0.157135 0.361289 0.019745 0.033276
0 0.169219 0.448914 0.022170 0.022637
0 0.464267 0.419169 0.018088 0.027495
0 0.463614 0.358418 0.021465 0.022553
0 0.369587 0.271526 0.027407 0.025189
0 0.315980 0.223983 0.025649 0.019218
0 0.797345 0.534353 0.019200 0.034188
0 0.366936 0.535582 0.024520 0.029560
0 0.487774 0.520152 0.018998 0.028385
0 0.205315 0.332277 0.019242 0.031216
0 0.503447 0.427978 0.021671 0.022044
0 0.244678 0.389489 0.024465 0.020718
0 0.290082 0.504245 0.023102 0.024853
0 0.472063 0.297608 0.022535 0.025016
0 0.412890 0.321090 0.023752 0.023538
0 0.216977 0.767287 0.026949 0.024870
0 0.791301 0.750397 0.021570 0.025889
0 0.531260 0.633574 0.016762 0.028765
0 0.555327 0.283458 0.021285 0.019570
0 0.524568 0.491664 0.020975 0.030550
0 0.572431 0.565139 0.015189 0.026599
0 0.641829 0.344161 0.023731 0.030103
0 0.312179 0.695763 0.025640 0.026006
0 0.434106 0.471282 0.024612 0.021966
0 0.333886 0.339547 0.019930 0.032224
0 0.265067 0.241527 0.022137 0.027411
0 0.425330 0.624270 0.015956 0.030136
0 0.458326 0.575525 0.020169 0.026633
0 0.402245 0.524501 0.015814 0.025710
0 0.503275 0.338078 0.019212 0.033058
0 0.678464 0.376754 0.024851 0.026196
0 0.863898 0.541866 0.029194 0.026527
0 0.838067 0.633190 0.023014 0.028278
0 0.812850 0.682813 0.018776 0.031289
0 0.820155 0.800644 0.021226 0.027999
0 0.784714 0.804981 0.019036 0.036785
0 0.749822 0.794832 0.020387 0.032683
0 0.734058 0.754944 0.023408 0.034423
0 0.761733 0.561389 0.024373 0.028704
0 0.406435 0.363309 0.025938 0.023527
0 0.526402 0.549239 0.023559 0.023286
0 0.476730 0.633157 0.023714 0.020958
0 0.233190 0.481650 0.027008 0.022262
0 0.379273 0.638633 0.018482 0.030847
0 0.258889 0.558904 0.024046 0.023163
0 0.294058 0.333990 0.019271 0.027019
0 0.579021 0.345795 0.018180 0.026846
0 0.163723 0.575234 0.018059 0.032554
0 0.145404 0.663948 0.027247 0.025872
0 0.140573 0.717222 0.019859 0.032246
0 0.134566 0.807144 0.021591 0.028284
0 0.316188 0.583011 0.021818 0.027735
0 0.255274 0.660338 0.027230 0.027607
0 0.190982 0.368746 0.022649 0.029834
0 0.349895 0.396350 0.018155 0.027814
0 0.208003 0.693815 0.025321 0.021865
0 0.494969 0.726596 0.022506 0.030724
0 0.699798 0.460879 0.017135 0.031491
0 0.584381 0.383014 0.017245 0.027131
0 0.440976 0.692254 0.018818 0.031345
1 0.349507 0.731303 0.016859 0.018669
0 0.345204 0.679511 0.023786 0.025424
0 0.307113 0.429951 0.016439 0.029235
0 0.232428 0.440869 0.022414 0.027153
0 0.350434 0.471822 0.019401 0.030108
0 0.329526 0.507205 0.020576 0.028771
0 0.281026 0.364224 0.023509 0.025670
0 0.769907 0.520413 0.022384 0.029196
0 0.726613 0.504214 0.025133 0.025463
0 0.649189 0.409588 0.020903 0.029767
0 0.599469 0.483569 0.025661 0.025788
0 0.579117 0.682536 0.013901 0.030813
0 0.747315 0.675566 0.017261 0.029465
0 0.716946 0.564839 0.021910 0.028564
0 0.616055 0.396929 0.022028 0.028312
0 0.260691 0.739742 0.025258 0.023628
0 0.338222 0.831424 0.021134 0.024562
0 0.560387 0.435354 0.023190 0.029565
0 0.527165 0.353997 0.025154 0.025116
0 0.393644 0.290022 0.027780 0.022626
0 0.682129 0.515505 0.027667 0.027226
0 0.639412 0.455929 0.022028 0.031463
0 0.659145 0.871547 0.016019 0.033589
0 0.589854 0.848591 0.022510 0.027601
0 0.546835 0.866292 0.021956 0.021300
0 0.194201 0.825344 0.017379 0.029896
0 0.210275 0.581701 0.017446 0.031407
0 0.310448 0.807779 0.026207 0.027954
0 0.423016 0.772573 0.013552 0.030416
0 0.525944 0.768516 0.023081 0.024316
0 0.466413 0.788050 0.023555 0.025128
0 0.220091 0.876100 0.021730 0.030494
0 0.191396 0.630636 0.023601 0.025922
0 0.377337 0.780355 0.018680 0.028620
0 0.388040 0.409902 0.023731 0.022592
0 0.573566 0.497272 0.018289 0.030830
0 0.411577 0.425745 0.019884 0.028928
0 0.233292 0.594595 0.016942 0.027377
0 0.257124 0.496488 0.025015 0.023891
0 0.197750 0.719103 0.023907 0.026169
0 0.472738 0.854780 0.020135 0.023348
0 0.622260 0.776745 0.019762 0.029135
0 0.705387 0.631388 0.028657 0.027338
0 0.285737 0.759584 0.020505 0.027428
0 0.261501 0.810829 0.023958 0.027036
0 0.418820 0.886120 0.017773 0.027243
0 0.362079 0.872515 0.020748 0.025889
0 0.254483 0.857920 0.021780 0.021020
0 0.390619 0.493629 0.021243 0.028491
0 0.421105 0.545946 0.017484 0.025687
0 0.534852 0.680491 0.022426 0.026543
0 0.349418 0.792762 0.024310 0.027959
0 0.511578 0.821037 0.024575 0.020880
0 0.575050 0.780483 0.023177 0.028922
0 0.626840 0.848700 0.020286 0.027226
0 0.682320 0.782856 0.026899 0.026370
0 0.608897 0.543512 0.021684 0.025396
0 0.712750 0.697184 0.024092 0.026017
0 0.616732 0.606826 0.015889 0.027685
0 0.651146 0.716920 0.024658 0.023684
0 0.375176 0.719212 0.019913 0.019011
0 0.584192 0.603653 0.014391 0.026644
0 0.304757 0.868038 0.022636 0.025396
0 0.602861 0.656796 0.018944 0.027215
0 0.333487 0.757452 0.021029 0.030696
0 0.429457 0.822834 0.017421 0.029577
0 0.404758 0.830277 0.020110 0.028133
0 0.414369 0.655318 0.022279 0.027047
0 0.623487 0.713534 0.019405 0.030075
0 0.648454 0.541710 0.020752 0.031810
0 0.518606 0.717359 0.025884 0.021966
0 0.691085 0.565922 0.015906 0.034076
0 0.651723 0.578922 0.029177 0.027148
0 0.621173 0.505037 0.022758 0.020830
0 0.581966 0.426948 0.024843 0.021652
0 0.685597 0.738656 0.017811 0.027131