2 0.575581 0.697339 0.017709 0.020770
2 0.430745 0.290092 0.018476 0.026840
2 0.391126 0.670947 0.020723 0.025475
2 0.234876 0.269654 0.019873 0.024131
0 0.559859 0.817512 0.025926 0.026686
0 0.495519 0.789504 0.029554 0.030368
0 0.739323 0.806886 0.028977 0.023648
0 0.493839 0.404612 0.020314 0.030004
0 0.698520 0.511134 0.021904 0.032601
0 0.790777 0.479583 0.025070 0.030991
0 0.756069 0.420058 0.025727 0.033931
0 0.475694 0.264897 0.027454 0.032146
0 0.433869 0.613187 0.018780 0.033427
2 0.198618 0.518772 0.016848 0.018754
0 0.252455 0.347642 0.024818 0.030732
0 0.664270 0.412155 0.023579 0.035387
0 0.289622 0.673128 0.019169 0.035646
0 0.360315 0.579627 0.027648 0.037711
0 0.321307 0.529850 0.033156 0.025776
0 0.653824 0.517953 0.024782 0.037025
0 0.451560 0.206643 0.025464 0.031999
0 0.777987 0.309889 0.020377 0.033658
0 0.800566 0.387055 0.032048 0.028982
0 0.661453 0.333925 0.032584 0.027491
0 0.832373 0.176618 0.022954 0.038831
0 0.537330 0.259517 0.028898 0.025335
0 0.476636 0.698662 0.026976 0.037977
0 0.773459 0.628301 0.029475 0.024523
0 0.651622 0.288471 0.028242 0.024845
0 0.583824 0.380446 0.026089 0.028884
0 0.525976 0.483563 0.024902 0.022289
0 0.337951 0.316728 0.030279 0.026882
0 0.704729 0.397944 0.026110 0.028541
0 0.667654 0.234624 0.020088 0.030109
0 0.629106 0.170282 0.027386 0.028849
0 0.379885 0.165823 0.030132 0.026973
0 0.523779 0.612973 0.025958 0.032314
0 0.755497 0.527974 0.030074 0.030508
0 0.819336 0.669719 0.027690 0.034610
0 0.236312 0.391836 0.019794 0.030634
0 0.379702 0.494680 0.020135 0.033952
0 0.127021 0.381801 0.024446 0.041562
0 0.730626 0.582462 0.030221 0.032153
0 0.372170 0.216860 0.019794 0.032874
0 0.279730 0.275020 0.026488 0.033378
0 0.240410 0.579805 0.028389 0.029906
0 0.442296 0.500147 0.028137 0.029990
0 0.720845 0.283714 0.025370 0.031040
0 0.433176 0.791009 0.023999 0.029948
0 0.458312 0.454707 0.025800 0.035226
0 0.348016 0.683391 0.021479 0.027008
0 0.562978 0.538754 0.024435 0.031558
0 0.439330 0.396722 0.025406 0.033210
0 0.382734 0.739331 0.027543 0.030130
0 0.305562 0.442754 0.020923 0.036129
0 0.527740 0.299122 0.031518 0.029150
0 0.560534 0.211830 0.021763 0.039714
0 0.519568 0.158039 0.025548 0.031201
0 0.335622 0.148392 0.024782 0.033651
0 0.643549 0.674136 0.022954 0.031474
0 0.254135 0.473545 0.022529 0.029430
0 0.792780 0.754267 0.021127 0.028261
0 0.657043 0.597065 0.024047 0.038089
0 0.350444 0.807981 0.027050 0.036647
0 0.211615 0.749013 0.034043 0.027736
0 0.860737 0.822087 0.033534 0.028415
0 0.893405 0.275954 0.019600 0.029815
0 0.618592 0.243255 0.027160 0.031215
0 0.879040 0.387842 0.020681 0.031733
0 0.612756 0.577281 0.023921 0.029157
0 0.839508 0.436194 0.025559 0.038523
0 0.397254 0.448774 0.017657 0.039112
0 0.527969 0.385959 0.021033 0.029885
0 0.899435 0.748470 0.028436 0.035107
0 0.533563 0.695607 0.021238 0.041499
0 0.158838 0.235488 0.019426 0.033070
0 0.821352 0.576424 0.022230 0.034218
0 0.592792 0.621216 0.025763 0.030739
0 0.153008 0.488113 0.025144 0.032664
0 0.658825 0.755114 0.027065 0.034379
0 0.128274 0.846228 0.025795 0.028590
0 0.360323 0.427332 0.018465 0.037137
1 0.070024 0.107576 0.032248 0.040729
1 0.963240 0.100579 0.026467 0.042962
1 0.954797 0.854356 0.027811 0.040645
1 0.088048 0.868353 0.028583 0.041100
1 0.901338 0.441420 0.025102 0.030270
0 0.575802 0.104846 0.024398 0.033742
0 0.839865 0.522114 0.021579 0.033798
0 0.314976 0.369589 0.019799 0.033770
0 0.217290 0.477158 0.030872 0.027596
0 0.279964 0.211802 0.023826 0.034099
0 0.129914 0.668830 0.018397 0.033588
0 0.243306 0.217381 0.019909 0.032811
0 0.859813 0.269437 0.027107 0.023122
0 0.901609 0.652617 0.026399 0.032734
0 0.486501 0.572077 0.022713 0.030116
0 0.199468 0.608829 0.029418 0.027792
0 0.191556 0.251064 0.021154 0.039959