0 0.476334 0.897450 0.021616 0.039875
0 0.532836 0.666145 0.021432 0.035611
0 0.501706 0.585804 0.033193 0.027988
0 0.590164 0.569311 0.023837 0.039539
0 0.268591 0.361297 0.030116 0.026861
0 0.058827 0.279902 0.021154 0.034449
0 0.760091 0.323760 0.019027 0.037655
2 0.895860 0.550862 0.022902 0.027309
2 0.362289 0.560144 0.020413 0.024481
2 0.381970 0.150037 0.022886 0.030641
0 0.192480 0.474235 0.029481 0.031691
0 0.674274 0.460307 0.019153 0.036150
0 0.506531 0.352924 0.030420 0.033245
1 0.979794 0.085913 0.029649 0.049892
1 0.966710 0.925606 0.032757 0.043529
0 0.104642 0.254064 0.024188 0.034113
0 0.440453 0.831667 0.025805 0.027036
0 0.668402 0.581615 0.020692 0.037949
0 0.439490 0.525667 0.026829 0.038271
0 0.617366 0.386393 0.027281 0.029157
0 0.423991 0.399019 0.027785 0.029962
0 0.376320 0.271869 0.019337 0.035086
0 0.640504 0.638287 0.028446 0.036640
0 0.629576 0.311656 0.026918 0.037333
0 0.809350 0.445190 0.019899 0.035079
0 0.595855 0.804695 0.028656 0.032804
0 0.745632 0.731991 0.030945 0.029241
0 0.401766 0.609011 0.021484 0.029178
0 0.430362 0.461886 0.027528 0.023963
0 0.354513 0.457966 0.024792 0.035919
0 0.331102 0.606158 0.026000 0.035121
0 0.469766 0.753686 0.030877 0.032055
0 0.172626 0.332507 0.025359 0.030326
0 0.096871 0.416740 0.032305 0.026791
0 0.877714 0.462891 0.024803 0.035646
0 0.533229 0.519654 0.026693 0.032097
0 0.723244 0.555790 0.034264 0.028051
0 0.506440 0.260606 0.022823 0.033994
0 0.439201 0.221242 0.025979 0.038376
0 0.306856 0.260039 0.034117 0.026812
0 0.296612 0.105444 0.023732 0.036437
0 0.894245 0.187258 0.027149 0.029535
0 0.731167 0.443531 0.031586 0.029381
0 0.461431 0.401367 0.025937 0.029255
0 0.440813 0.329683 0.033182 0.028401
0 0.484551 0.152935 0.028242 0.031047
0 0.595039 0.335437 0.026372 0.035919
0 0.268156 0.651220 0.023669 0.036171
0 0.707769 0.340488 0.023873 0.040673
0 0.596464 0.204448 0.027039 0.031026
0 0.600423 0.116676 0.025842 0.032258
0 0.416050 0.104398 0.023296 0.034890
0 0.908124 0.291702 0.033991 0.027848
0 0.557176 0.895154 0.028446 0.027764
0 0.568246 0.407220 0.019631 0.036577
0 0.732004 0.660503 0.028704 0.026203
0 0.547067 0.554383 0.020639 0.022100
0 0.276782 0.467574 0.029685 0.027792
0 0.476224 0.664889 0.022025 0.039749
0 0.737950 0.779230 0.012559 0.034701
0 0.679254 0.797600 0.031896 0.024859
0 0.662057 0.878752 0.022566 0.039077
0 0.579073 0.441305 0.026992 0.029689
0 0.560106 0.187479 0.022324 0.038040
0 0.196412 0.603533 0.023201 0.042038
0 0.139727 0.721375 0.025664 0.038922
0 0.255074 0.556539 0.024850 0.033959
0 0.122845 0.492895 0.029586 0.026532
0 0.339187 0.509549 0.025401 0.030214
0 0.417160 0.697479 0.029192 0.030781
0 0.757424 0.860061 0.023490 0.029752
0 0.366445 0.637562 0.026309 0.029521
0 0.769678 0.622396 0.027848 0.025608
0 0.782623 0.555363 0.021227 0.027967
0 0.126202 0.578878 0.027228 0.026497
0 0.205330 0.365241 0.027638 0.027960
0 0.179916 0.196030 0.025102 0.039742
0 0.459502 0.281611 0.021185 0.037109
0 0.500858 0.776458 0.015872 0.032545
0 0.351394 0.703601 0.025338 0.036038
0 0.603594 0.740035 0.026546 0.035597
0 0.343535 0.195862 0.024152 0.033399
0 0.399230 0.843631 0.022492 0.032874
0 0.259448 0.259311 0.023306 0.036206
0 0.813269 0.512037 0.035414 0.030235
0 0.829495 0.682642 0.029234 0.031586
0 0.895678 0.893131 0.035498 0.024908
0 0.826862 0.867258 0.026855 0.034274
0 0.597717 0.699390 0.023621 0.034211
0 0.408618 0.777568 0.026294 0.039945
0 0.872123 0.734266 0.019626 0.036339
0 0.733125 0.263490 0.029118 0.043627
0 0.077681 0.672701 0.023768 0.030970
0 0.359966 0.779111 0.021899 0.039952
0 0.667764 0.245611 0.029801 0.032692
0 0.867545 0.227312 0.019731 0.039119
0 0.826282 0.125662 0.027543 0.031831
0 0.768090 0.143499 0.029575 0.034547
0 0.886753 0.631076 0.023831 0.032258
0 0.629122 0.188379 0.020980 0.040498
0 0.233837 0.150044 0.029502 0.029661
0 0.660193 0.202554 0.027953 0.031257
0 0.198578 0.812546 0.023879 0.035695
0 0.623281 0.690444 0.015557 0.034855
0 0.258474 0.705887 0.020791 0.029563
0 0.063540 0.765516 0.020938 0.033889
0 0.159274 0.240084 0.012695 0.036241
0 0.751593 0.210748 0.025732 0.035884
0 0.169426 0.677577 0.026278 0.031761
0 0.802078 0.378805 0.026199 0.027057
0 0.319903 0.854986 0.034075 0.030718
0 0.234065 0.643380 0.025832 0.040134
0 0.122750 0.784932 0.023747 0.032986
0 0.848722 0.341293 0.022881 0.032664
0 0.893859 0.400153 0.018355 0.024950
0 0.813096 0.807901 0.031171 0.031222
0 0.886338 0.671938 0.021238 0.033070
0 0.778499 0.238155 0.016959 0.034274
0 0.791929 0.300592 0.027113 0.022625
0 0.262496 0.505037 0.029496 0.032867
0 0.323258 0.398599 0.025265 0.028688
0 0.145907 0.826280 0.020854 0.033805
0 0.124814 0.618273 0.017646 0.037606
0 0.347727 0.414280 0.023579 0.024796
0 0.688647 0.864961 0.025270 0.026518
0 0.834880 0.767407 0.027832 0.030641
0 0.209368 0.284145 0.022923 0.032699
0 0.831742 0.286497 0.035261 0.026525
0 0.153635 0.607261 0.028100 0.029962
0 0.233503 0.291824 0.020245 0.034715
0 0.894439 0.369396 0.026026 0.030417