0 0.121398 0.178386 0.019162 0.033371
0 0.158908 0.236311 0.030054 0.024456
0 0.816060 0.275178 0.025867 0.023493
0 0.277749 0.648790 0.019540 0.028485
0 0.910064 0.346987 0.016506 0.029353
0 0.409367 0.270410 0.018411 0.028631
0 0.515489 0.872440 0.023912 0.021171
0 0.319681 0.351778 0.024835 0.025559
0 0.370599 0.228423 0.023664 0.029487
0 0.710174 0.522469 0.023396 0.024546
0 0.633245 0.298915 0.019963 0.028592
0 0.131174 0.557656 0.023131 0.018563
0 0.356293 0.527022 0.023559 0.028614
0 0.665749 0.297365 0.024218 0.033002
0 0.819184 0.316930 0.023681 0.031401
0 0.487056 0.236784 0.026693 0.025435
0 0.540273 0.603790 0.023635 0.029403
0 0.376255 0.336643 0.022003 0.023404
0 0.616971 0.729867 0.019833 0.030103
0 0.925154 0.285786 0.019632 0.035565
2 0.063744 0.116533 0.031816 0.042991
2 0.970821 0.891313 0.029366 0.041044
2 0.067598 0.903606 0.030377 0.038016
0 0.387180 0.304500 0.023807 0.022223
0 0.132531 0.318105 0.019166 0.026991
0 0.510974 0.466178 0.013045 0.029375
1 0.508201 0.562136 0.013556 0.016095
1 0.816744 0.625271 0.018096 0.017421
0 0.401570 0.379782 0.020161 0.026387
0 0.816238 0.670946 0.020500 0.024210
1 0.858548 0.587463 0.013737 0.017757
0 0.622566 0.587367 0.020954 0.030248
0 0.841883 0.370677 0.018587 0.028771
0 0.467195 0.323276 0.022233 0.022447
0 0.556790 0.292518 0.018050 0.030237
0 0.426958 0.204782 0.019548 0.032974
0 0.876987 0.421654 0.020731 0.028928
0 0.645333 0.246178 0.022355 0.022990
0 0.212278 0.693883 0.014958 0.027708
0 0.391263 0.710465 0.021138 0.021395
0 0.152652 0.594377 0.021344 0.022206
0 0.733085 0.571678 0.020664 0.019195
0 0.286595 0.311490 0.027642 0.023701
0 0.757546 0.349358 0.026547 0.025665
0 0.180650 0.413637 0.020093 0.026348
0 0.768761 0.511050 0.027268 0.026980
0 0.557194 0.569286 0.020622 0.030718
0 0.427078 0.798434 0.020022 0.027484
0 0.524703 0.311703 0.021126 0.031390
0 0.861102 0.318164 0.014840 0.029157
0 0.393168 0.186448 0.018990 0.032571
0 0.454312 0.493847 0.025863 0.022324
0 0.452250 0.236423 0.022594 0.023729
0 0.232546 0.222326 0.022540 0.028362
0 0.698759 0.728572 0.019817 0.029817
0 0.408161 0.667023 0.023182 0.024165
0 0.450887 0.290145 0.015042 0.029230
0 0.808235 0.408522 0.021461 0.024568
0 0.582843 0.376228 0.018474 0.027920
0 0.911304 0.411841 0.018466 0.029347
0 0.676033 0.413058 0.027935 0.023219
0 0.548205 0.479867 0.026022 0.024999
0 0.149881 0.525217 0.019485 0.030019
0 0.445010 0.364026 0.021776 0.022027
1 0.816102 0.497023 0.016787 0.021143
0 0.317367 0.566381 0.020920 0.029163
0 0.613078 0.247056 0.014731 0.028127
0 0.558829 0.834275 0.019972 0.027612
0 0.301226 0.428666 0.020073 0.029521
0 0.670333 0.617831 0.023148 0.018804
0 0.262902 0.710901 0.022397 0.028849
0 0.528630 0.253780 0.023333 0.026465
0 0.459761 0.179416 0.026622 0.022660
0 0.737427 0.665926 0.021671 0.028105
0 0.830991 0.179077 0.017228 0.030791
0 0.506568 0.174875 0.018893 0.022542
0 0.391584 0.131198 0.022418 0.025648
0 0.290376 0.745548 0.021860 0.030036
0 0.324110 0.278849 0.029588 0.023292
0 0.913374 0.481339 0.024302 0.022122
0 0.194526 0.832633 0.015604 0.029801
0 0.915298 0.717608 0.015478 0.033623
0 0.286216 0.226845 0.023719 0.032375
0 0.631854 0.137869 0.019825 0.031759
0 0.357808 0.408184 0.022838 0.025212
0 0.469862 0.457680 0.021096 0.026314
0 0.662967 0.559324 0.023782 0.025693
1 0.785098 0.247703 0.016716 0.020108
0 0.423690 0.611222 0.017417 0.028933
0 0.750717 0.881738 0.015852 0.030981
0 0.640130 0.688681 0.023270 0.028776
0 0.610434 0.340501 0.021067 0.023712
0 0.764908 0.200833 0.019393 0.026353
0 0.541624 0.439666 0.020916 0.028754
0 0.660544 0.492862 0.023702 0.022973
0 0.720495 0.368601 0.017555 0.032867
0 0.561858 0.136277 0.019636 0.024859
0 0.178102 0.651135 0.024033 0.027243
0 0.122986 0.657428 0.020047 0.022604
0 0.442306 0.887589 0.019682 0.027025
0 0.788981 0.878316 0.018927 0.032017
0 0.674514 0.373117 0.019250 0.024081
0 0.835686 0.446801 0.024973 0.020304
0 0.379546 0.459371 0.015696 0.028049
0 0.433510 0.543075 0.026106 0.024098
0 0.783755 0.473006 0.014291 0.025402
0 0.133423 0.401963 0.026001 0.024534
0 0.318433 0.517060 0.023824 0.022883
0 0.515380 0.421066 0.017366 0.031479
0 0.347602 0.489549 0.019183 0.026868
0 0.526989 0.742985 0.019288 0.025726
0 0.496801 0.666475 0.016703 0.028295
0 0.274306 0.151496 0.022372 0.026073
0 0.504064 0.626181 0.023022 0.022710
0 0.420440 0.343977 0.016078 0.027864
0 0.226025 0.421805 0.019628 0.027909
0 0.594616 0.853451 0.020194 0.025995
2 0.973888 0.115187 0.031481 0.039740
0 0.752530 0.426111 0.019191 0.029616
0 0.931024 0.448259 0.019808 0.024103