0 0.191871 0.179553 0.053065 0.085479
0 0.856868 0.112501 0.050960 0.075500
0 0.946728 0.228440 0.054531 0.079026
0 0.956665 0.325514 0.045135 0.080828
0 0.275855 0.195895 0.051509 0.077095
0 0.783030 0.515482 0.053165 0.083313
0 0.376438 0.290937 0.050871 0.080017
0 0.701152 0.237257 0.043165 0.081528
0 0.211511 0.533612 0.046287 0.078192
0 0.380554 0.528147 0.060099 0.086682
0 0.456449 0.279487 0.051307 0.085188
0 0.791528 0.329407 0.054279 0.073737
0 0.537437 0.355575 0.043400 0.080095
0 0.283413 0.312349 0.054525 0.077812
0 0.627135 0.540336 0.050731 0.084757
0 0.302552 0.533010 0.059730 0.086346
0 0.114261 0.321359 0.049427 0.071331
0 0.614717 0.243089 0.054145 0.067167
0 0.611594 0.136218 0.050753 0.089088
0 0.445058 0.154871 0.045515 0.088965
0 0.719063 0.646901 0.052460 0.084421
0 0.779017 0.235976 0.052774 0.084460
0 0.391078 0.635085 0.056355 0.079491
0 0.949160 0.437951 0.057648 0.079989
0 0.865330 0.204572 0.050557 0.082194
0 0.361113 0.162104 0.055163 0.082837
0 0.711254 0.541813 0.056473 0.083470
0 0.301887 0.643636 0.049041 0.078427
0 0.635289 0.747473 0.051839 0.081757
0 0.547485 0.535747 0.055773 0.076463
0 0.870540 0.744479 0.043864 0.082664
0 0.321449 0.746214 0.054889 0.084242
0 0.786746 0.620481 0.056490 0.082406
0 0.405679 0.755389 0.060776 0.083900
0 0.949501 0.545865 0.051402 0.082708
0 0.625045 0.439862 0.052192 0.083386
0 0.380381 0.406622 0.050026 0.089961
0 0.629505 0.641929 0.047603 0.078472
0 0.712222 0.434621 0.049086 0.073452
0 0.292199 0.421486 0.058767 0.086312
0 0.698363 0.144375 0.055449 0.089015
0 0.526532 0.141397 0.053378 0.083744
0 0.122557 0.211377 0.063457 0.075970
0 0.870464 0.421078 0.054234 0.080324
0 0.230986 0.744233 0.052634 0.080716
0 0.147304 0.748125 0.054480 0.086385
0 0.469005 0.480592 0.057245 0.081169
0 0.623150 0.341095 0.047395 0.078243
0 0.560219 0.641957 0.056103 0.085020
0 0.787065 0.420663 0.054408 0.082149
0 0.719368 0.754256 0.052085 0.083637
0 0.234319 0.848792 0.047692 0.083990
0 0.530939 0.244944 0.053764 0.082048
0 0.943222 0.118763 0.046601 0.073430
0 0.957224 0.759419 0.054033 0.080397
0 0.711685 0.855995 0.046086 0.079961
0 0.633358 0.858821 0.052936 0.078394
0 0.486787 0.859658 0.048968 0.073407
0 0.398687 0.848745 0.053406 0.084656
0 0.561613 0.846794 0.050048 0.076547
0 0.700646 0.341884 0.049662 0.072456
0 0.771118 0.132631 0.056518 0.078399
0 0.876475 0.620624 0.053395 0.080420
0 0.876766 0.849422 0.051526 0.086256
0 0.478994 0.759430 0.050955 0.081158
0 0.317514 0.852816 0.058706 0.074286
0 0.475902 0.666558 0.056702 0.079009
0 0.800734 0.957339 0.048268 0.081057
0 0.788223 0.846965 0.049740 0.075232
0 0.460053 0.377829 0.050736 0.085283
0 0.886632 0.957619 0.053059 0.084762
0 0.199846 0.312469 0.058717 0.079933