0 0.095653 0.061982 0.049494 0.080212
0 0.678081 0.071541 0.048621 0.078992
0 0.781015 0.121964 0.048554 0.078108
0 0.212141 0.073013 0.051016 0.081600
0 0.094075 0.168629 0.045498 0.074879
0 0.100231 0.270995 0.053680 0.081455
0 0.274448 0.263675 0.052119 0.076575
0 0.460028 0.132983 0.053898 0.082664
0 0.362377 0.457767 0.047060 0.079653
0 0.187629 0.414454 0.048688 0.076704
0 0.112800 0.539409 0.048565 0.073726
0 0.209748 0.170560 0.052522 0.080106
0 0.349769 0.120752 0.054559 0.075808
0 0.521428 0.147702 0.052203 0.083089
0 0.535467 0.297401 0.053339 0.085837
0 0.371707 0.349618 0.046366 0.084667
0 0.289001 0.160344 0.049987 0.077851
0 0.195819 0.273208 0.049287 0.078159
0 0.464144 0.227044 0.051151 0.081684
0 0.448203 0.359260 0.048112 0.080403
0 0.605388 0.556629 0.050753 0.082703
0 0.854621 0.482791 0.045907 0.084091
0 0.190161 0.540769 0.050932 0.083811
0 0.745184 0.569481 0.045661 0.082596
0 0.889019 0.204670 0.043002 0.078170
0 0.932838 0.688860 0.045610 0.080554
0 0.352052 0.684942 0.048560 0.083184
0 0.825372 0.700170 0.043864 0.085255
0 0.354825 0.564101 0.050669 0.080184
0 0.104878 0.409692 0.049242 0.080655
0 0.486143 0.636554 0.050636 0.086861
0 0.835638 0.601574 0.052410 0.084482
0 0.190558 0.659557 0.049959 0.084986
0 0.094964 0.648544 0.054184 0.074297
0 0.085045 0.784420 0.051380 0.082048
0 0.270614 0.556481 0.048011 0.081231
0 0.255238 0.779017 0.051195 0.082445
0 0.175795 0.784636 0.052074 0.080666
0 0.505996 0.771728 0.054357 0.086827
0 0.432950 0.789754 0.053412 0.079563
0 0.356991 0.788072 0.057810 0.074420
0 0.691314 0.422513 0.049265 0.079614
0 0.532705 0.403147 0.053053 0.081925
0 0.780363 0.338870 0.054066 0.080901
0 0.443043 0.478320 0.050764 0.081046
0 0.581477 0.674203 0.053277 0.082311
0 0.605256 0.784031 0.045431 0.080341
0 0.670801 0.662582 0.053814 0.081612
0 0.608155 0.408312 0.048968 0.082787
0 0.613519 0.283013 0.050686 0.078584
0 0.954398 0.438219 0.048918 0.086178
0 0.946160 0.566991 0.047552 0.089525
0 0.350007 0.903611 0.046315 0.082417
0 0.944280 0.794169 0.041911 0.078992
0 0.930843 0.899548 0.054592 0.085607
0 0.692772 0.900584 0.050714 0.079821
0 0.610810 0.902461 0.048369 0.085870
0 0.514791 0.910607 0.058359 0.085081
0 0.257650 0.907923 0.049763 0.080296
0 0.168892 0.900240 0.051095 0.074913
0 0.090317 0.910833 0.052656 0.082423
0 0.534387 0.524092 0.056115 0.086811
0 0.762443 0.448321 0.055935 0.080470
0 0.671024 0.543881 0.050378 0.079278
0 0.747879 0.662020 0.055214 0.063104
0 0.680172 0.779000 0.049164 0.079457
0 0.849573 0.798336 0.053607 0.089217
0 0.858166 0.900483 0.051173 0.079194
0 0.752627 0.910727 0.050798 0.086284
0 0.756517 0.784247 0.052399 0.075310
0 0.941336 0.209617 0.044855 0.079916
0 0.938155 0.333013 0.047222 0.079933
0 0.404862 0.614017 0.054486 0.085439