0 0.192095 0.172230 0.043920 0.081410
0 0.111683 0.266546 0.052701 0.089469
0 0.056571 0.527808 0.052130 0.084829
0 0.356269 0.537605 0.048420 0.084074
0 0.255826 0.664673 0.050927 0.083878
0 0.507936 0.506492 0.052740 0.085411
0 0.271350 0.416130 0.054072 0.083525
0 0.664479 0.508190 0.042493 0.079463
0 0.578075 0.508688 0.045610 0.086066
0 0.756195 0.474374 0.052706 0.088624
0 0.592636 0.205347 0.042644 0.084203
0 0.492257 0.222038 0.057044 0.084219
0 0.426825 0.245934 0.050944 0.091819
0 0.352875 0.257457 0.050641 0.082037
0 0.271896 0.268155 0.053585 0.081382
0 0.196712 0.279104 0.058034 0.085563
0 0.196225 0.400402 0.055079 0.082736
0 0.117204 0.392192 0.053691 0.082389
0 0.116446 0.093445 0.053652 0.079373
0 0.279571 0.130056 0.055381 0.087208
0 0.432287 0.097172 0.045526 0.084880
0 0.351182 0.134385 0.055023 0.088198
0 0.723809 0.184831 0.052203 0.085993
0 0.651115 0.342337 0.045862 0.078332
0 0.422672 0.389976 0.051111 0.087616
0 0.436834 0.529009 0.047938 0.093521
0 0.281591 0.534297 0.053624 0.086245
0 0.211089 0.528189 0.048431 0.076513
0 0.132317 0.536751 0.054615 0.087269
0 0.159513 0.661765 0.049337 0.081298
0 0.075900 0.667697 0.051246 0.075220
0 0.144053 0.801153 0.053384 0.084107
0 0.076379 0.920277 0.053322 0.080033
0 0.916746 0.170574 0.048224 0.086089
0 0.509603 0.094500 0.048878 0.082255
0 0.667037 0.084533 0.050171 0.084359
0 0.571286 0.097533 0.043025 0.094153
0 0.815751 0.174883 0.051218 0.091383
0 0.753140 0.053280 0.051117 0.089189
0 0.909899 0.050238 0.053535 0.085120
0 0.819241 0.320861 0.045784 0.083777
0 0.912020 0.312732 0.046024 0.088529
0 0.744082 0.317931 0.055152 0.086189
0 0.561462 0.361018 0.048627 0.081041
0 0.477587 0.357553 0.058639 0.084734
0 0.355642 0.373791 0.053456 0.083665
0 0.353443 0.671713 0.056266 0.087605
0 0.061663 0.790817 0.047765 0.082384
0 0.837905 0.051013 0.050362 0.081791
0 0.927119 0.445923 0.052102 0.083072
0 0.832082 0.475659 0.056557 0.089178
0 0.921047 0.581066 0.043159 0.090857
0 0.441093 0.652475 0.051061 0.084410
0 0.394845 0.786250 0.053277 0.087409
0 0.561949 0.790582 0.049600 0.086671
0 0.833078 0.763896 0.049158 0.081841
0 0.162093 0.915901 0.051128 0.088294
0 0.914824 0.739079 0.051106 0.086055
0 0.925006 0.886604 0.051828 0.086346
0 0.732106 0.902117 0.051436 0.086525
0 0.480886 0.907305 0.053529 0.075030
0 0.744773 0.781393 0.047446 0.084466
0 0.647271 0.778192 0.049634 0.081108
0 0.653936 0.889450 0.041553 0.079446
0 0.391392 0.898731 0.054441 0.081253
0 0.477741 0.785839 0.052455 0.080061
0 0.761473 0.620447 0.047726 0.087342
0 0.310547 0.782078 0.059008 0.088075
0 0.232660 0.906407 0.045963 0.081584
0 0.517038 0.647251 0.048772 0.073424
0 0.843216 0.611980 0.049724 0.089368
0 0.827826 0.882645 0.056406 0.081214
0 0.237557 0.795759 0.059372 0.080246
0 0.670789 0.645860 0.056120 0.068617
0 0.591265 0.658016 0.044838 0.051637
0 0.313770 0.907467 0.053344 0.090879