0 0.131724 0.170957 0.053966 0.088120
0 0.114087 0.271107 0.060362 0.076161
0 0.114121 0.365388 0.043674 0.075176
0 0.115861 0.470871 0.047782 0.078673
0 0.119524 0.586603 0.050541 0.081830
0 0.125588 0.708959 0.054620 0.084421
0 0.132429 0.837421 0.059148 0.084561
0 0.136184 0.946583 0.049735 0.077834
0 0.238975 0.219749 0.056478 0.087801
0 0.222276 0.330590 0.049102 0.086659
0 0.205235 0.455918 0.052438 0.079658
0 0.207641 0.570679 0.053121 0.083839
0 0.211553 0.695486 0.053568 0.084639
0 0.231843 0.815894 0.048369 0.083537
0 0.235707 0.932343 0.052986 0.079026
0 0.320416 0.155472 0.057883 0.089027
0 0.320052 0.243304 0.055913 0.078612
0 0.317430 0.337947 0.056713 0.084852
0 0.311241 0.451177 0.052035 0.087583
0 0.307494 0.572126 0.048537 0.078450
0 0.314747 0.698586 0.045302 0.080822
0 0.321597 0.813672 0.054839 0.087141
0 0.329796 0.923867 0.057805 0.089698
0 0.423744 0.158472 0.047446 0.079681
0 0.405783 0.265239 0.056126 0.088232
0 0.393429 0.371105 0.041592 0.065018
0 0.395799 0.485942 0.055544 0.087527
0 0.407828 0.607467 0.055661 0.079244
0 0.417320 0.725975 0.043237 0.088288
0 0.418097 0.833990 0.047793 0.078920
0 0.419760 0.955470 0.050434 0.077364
0 0.516929 0.133442 0.054005 0.095065
0 0.491149 0.287694 0.057435 0.071840
0 0.497269 0.374530 0.045767 0.052012
0 0.484705 0.479302 0.053053 0.081276
0 0.495089 0.607366 0.041620 0.080878
0 0.496925 0.722234 0.052880 0.085439
0 0.500991 0.841517 0.050792 0.081640
0 0.505434 0.960070 0.050871 0.079860
0 0.591604 0.207941 0.050216 0.077963
0 0.583240 0.313325 0.053322 0.080436
0 0.589653 0.409037 0.050647 0.086027
0 0.585772 0.527540 0.053630 0.085624
0 0.591243 0.633912 0.047681 0.076597
0 0.585851 0.745968 0.053104 0.086727
0 0.590843 0.857016 0.054973 0.086771
0 0.692293 0.216853 0.052007 0.093828
0 0.678358 0.316633 0.048962 0.083089
0 0.689436 0.435418 0.051430 0.082669
0 0.689260 0.571879 0.056126 0.084941
0 0.676402 0.685169 0.050210 0.086368
0 0.687506 0.809554 0.050457 0.089368
0 0.689929 0.938784 0.048207 0.088126
0 0.764914 0.165394 0.050143 0.083587
0 0.771258 0.261044 0.048951 0.080526
0 0.773239 0.369955 0.047373 0.082429
0 0.774187 0.488074 0.049382 0.090012
0 0.770922 0.608342 0.051593 0.082731
0 0.770418 0.728513 0.048918 0.093364
0 0.774957 0.841920 0.048906 0.088355
0 0.772735 0.954770 0.047451 0.082277
0 0.836550 0.162437 0.052052 0.084219
0 0.866384 0.280257 0.045011 0.082485
0 0.867274 0.429609 0.052220 0.082132
0 0.864311 0.535973 0.049046 0.083061
0 0.866793 0.641311 0.036124 0.049108
0 0.866172 0.736605 0.051425 0.084578
0 0.868013 0.853247 0.048828 0.076782
0 0.868296 0.960677 0.048789 0.078645
0 0.951586 0.166682 0.053803 0.082098
0 0.950475 0.257826 0.049869 0.076362
0 0.951281 0.379091 0.046646 0.077756
0 0.956318 0.489526 0.045101 0.081197
0 0.959712 0.611076 0.051867 0.089463
0 0.965706 0.729321 0.045509 0.089172
0 0.965160 0.858698 0.050787 0.087930