0 0.110354 0.121264 0.053814 0.084331
0 0.083008 0.229235 0.050619 0.083414
0 0.089105 0.354638 0.057083 0.080101
0 0.108709 0.478199 0.064022 0.080235
0 0.114865 0.570441 0.056557 0.088098
0 0.083525 0.714430 0.056545 0.086766
0 0.065469 0.856398 0.048604 0.095026
0 0.185312 0.106661 0.056635 0.086307
0 0.185309 0.247714 0.049701 0.077638
0 0.208926 0.364235 0.060345 0.077381
0 0.212885 0.469559 0.059713 0.084790
0 0.216106 0.583486 0.059931 0.085120
0 0.149204 0.719855 0.059724 0.077515
0 0.157865 0.832294 0.061812 0.082210
0 0.277386 0.109481 0.062886 0.081237
0 0.290151 0.240248 0.053563 0.081802
0 0.291133 0.350370 0.049405 0.079558
0 0.295823 0.464385 0.047110 0.085646
0 0.310099 0.586052 0.062153 0.092737
0 0.242607 0.724145 0.063608 0.085277
0 0.318874 0.848135 0.049886 0.086245
0 0.370198 0.134595 0.059489 0.083525
0 0.378137 0.243917 0.049321 0.079770
0 0.377949 0.366737 0.048934 0.090263
0 0.384617 0.484568 0.059349 0.090051
0 0.394170 0.596601 0.059416 0.079216
0 0.396420 0.718081 0.052052 0.082462
0 0.244079 0.832026 0.053165 0.086799
0 0.454356 0.094934 0.052415 0.084712
0 0.462513 0.238382 0.055488 0.077868
0 0.480830 0.369972 0.048492 0.088249
0 0.471520 0.484006 0.061918 0.088098
0 0.466654 0.599797 0.052645 0.074829
0 0.486057 0.708607 0.049970 0.073810
0 0.485436 0.840689 0.059987 0.080990
0 0.563085 0.117543 0.057917 0.083290
0 0.567276 0.241429 0.053932 0.085730
0 0.557866 0.365346 0.047748 0.076692
0 0.549645 0.479778 0.049975 0.081981
0 0.542356 0.603379 0.047004 0.085495
0 0.565483 0.716299 0.053333 0.091355
0 0.572305 0.850930 0.056456 0.088613
0 0.653449 0.243903 0.053943 0.079530
0 0.652249 0.352819 0.053400 0.084958
0 0.633638 0.477567 0.049701 0.086827
0 0.619213 0.603958 0.056143 0.081348
0 0.321323 0.739756 0.060715 0.092782
0 0.738883 0.175958 0.049511 0.087532
0 0.732358 0.305152 0.049321 0.088814
0 0.721932 0.412468 0.049824 0.082468
0 0.821429 0.123439 0.055689 0.090728
0 0.928515 0.160355 0.059819 0.083302
0 0.838047 0.251687 0.051755 0.088405
0 0.805093 0.379897 0.057771 0.089452
0 0.915831 0.428263 0.051374 0.084410
0 0.812240 0.504547 0.047429 0.078422
0 0.938681 0.545045 0.056736 0.070033
0 0.941703 0.657993 0.050725 0.087656
0 0.718574 0.637371 0.051011 0.089793
0 0.808991 0.758006 0.051498 0.086939
0 0.919057 0.781994 0.048582 0.079546
0 0.902526 0.897925 0.051895 0.086503
0 0.663022 0.838999 0.051374 0.081449
0 0.819384 0.631609 0.053266 0.087269
0 0.724595 0.866832 0.047754 0.081578
0 0.745931 0.747781 0.066988 0.080425
0 0.814691 0.868648 0.058566 0.078125
0 0.659854 0.712054 0.058896 0.089021