0 0.083352 0.170193 0.047927 0.093185
0 0.093963 0.295093 0.054732 0.082664
0 0.096750 0.400396 0.051721 0.085109
0 0.083895 0.502345 0.064022 0.069887
0 0.078326 0.619012 0.054341 0.084594
0 0.088573 0.723252 0.041424 0.085059
0 0.102010 0.832014 0.052091 0.085165
0 0.092292 0.928837 0.057592 0.083878
0 0.153387 0.098938 0.062886 0.084057
0 0.161242 0.201989 0.053680 0.079658
0 0.182581 0.302194 0.051509 0.073799
0 0.174279 0.402556 0.050653 0.078002
0 0.156449 0.518686 0.061610 0.086217
0 0.156091 0.630728 0.054133 0.076239
0 0.171671 0.726266 0.055812 0.087034
0 0.180172 0.828349 0.057155 0.079726
0 0.176450 0.934332 0.057200 0.086128
0 0.237719 0.110184 0.048627 0.085070
0 0.239938 0.208240 0.051274 0.081102
0 0.259662 0.309934 0.049309 0.082305
0 0.255532 0.415487 0.064196 0.073821
0 0.238035 0.520071 0.050557 0.086402
0 0.237156 0.622630 0.050602 0.085786
0 0.257673 0.723048 0.044580 0.080296
0 0.258464 0.826337 0.049298 0.082294
0 0.255023 0.938174 0.061174 0.092435
0 0.319968 0.113961 0.048515 0.085272
0 0.334936 0.213084 0.047569 0.085473
0 0.335879 0.308930 0.049780 0.076233
0 0.332647 0.414188 0.049494 0.082059
0 0.321015 0.507454 0.051570 0.080755
0 0.335669 0.604540 0.048039 0.082154
0 0.326986 0.715700 0.052264 0.078035
0 0.336788 0.818052 0.062791 0.078640
0 0.331441 0.936319 0.049142 0.086038
0 0.384116 0.115926 0.049203 0.085563
0 0.397819 0.209270 0.050832 0.083184
0 0.403844 0.304855 0.049461 0.087952
0 0.398132 0.414843 0.048414 0.081835
0 0.403782 0.522814 0.052024 0.089413
0 0.397945 0.628165 0.047334 0.080862
0 0.406401 0.731079 0.052617 0.079088
0 0.420302 0.822848 0.053591 0.073973
0 0.416665 0.941742 0.050927 0.081998
0 0.470146 0.103213 0.051346 0.077095
0 0.475284 0.195948 0.051235 0.079216
0 0.474520 0.294024 0.050535 0.077504
0 0.488827 0.396224 0.048962 0.085820
0 0.488595 0.498346 0.052706 0.080996
0 0.488693 0.602103 0.056047 0.077448
0 0.487159 0.725438 0.054548 0.089844
0 0.501796 0.936367 0.066395 0.070396
0 0.564741 0.095376 0.054436 0.083738
0 0.541645 0.191034 0.057502 0.075825
0 0.552575 0.296576 0.057782 0.087253
0 0.550423 0.403379 0.047983 0.081617
0 0.647699 0.602377 0.048823 0.083514
0 0.562497 0.722407 0.046175 0.074571
0 0.713705 0.314988 0.057872 0.079295
0 0.794690 0.427961 0.046601 0.079955
0 0.898535 0.310533 0.048750 0.079642
0 0.965336 0.413391 0.048767 0.077386
0 0.732285 0.936048 0.049903 0.086089
0 0.948830 0.711237 0.044026 0.078601
0 0.969284 0.298688 0.047720 0.083733
0 0.806305 0.107976 0.050255 0.081360
0 0.963380 0.205747 0.051582 0.082182
0 0.875459 0.408656 0.043472 0.076827
0 0.641501 0.709555 0.047541 0.080822
0 0.805418 0.625565 0.045761 0.084460
0 0.894436 0.218403 0.045924 0.081908
0 0.961427 0.517707 0.046511 0.083128
0 0.630009 0.288234 0.048364 0.081561
0 0.799838 0.202775 0.046813 0.075388
0 0.883288 0.109266 0.049405 0.080727
0 0.624827 0.183412 0.048263 0.082820
0 0.800834 0.311868 0.048481 0.079614
0 0.730785 0.530103 0.048638 0.082322
0 0.808555 0.943317 0.048509 0.084074
0 0.726923 0.717936 0.046489 0.077101
0 0.886926 0.622512 0.051408 0.080727
0 0.706855 0.421307 0.054458 0.082003
0 0.705442 0.125330 0.052337 0.083665
0 0.715370 0.216920 0.049382 0.082568
0 0.875988 0.516506 0.055230 0.089379
0 0.959186 0.611367 0.047312 0.080990
0 0.639707 0.493240 0.054262 0.086822
0 0.631078 0.395670 0.050367 0.079854
0 0.869085 0.737691 0.049192 0.080582
0 0.964060 0.930980 0.048532 0.087034
0 0.553336 0.615321 0.046422 0.080101
0 0.807329 0.524481 0.056064 0.080638
0 0.817212 0.832582 0.049886 0.085439
0 0.958181 0.107033 0.057838 0.085518
0 0.731731 0.626005 0.049444 0.077884
0 0.974688 0.837407 0.050625 0.077067
0 0.563256 0.516325 0.051139 0.080599
0 0.633551 0.086259 0.054430 0.085003
0 0.492534 0.824555 0.053837 0.081371