0 0.287109 0.450024 0.025968 0.032720
1 0.022647 0.095175 0.032347 0.046308
1 0.965537 0.112805 0.030263 0.046889
1 0.938416 0.900905 0.028578 0.041618
1 0.035167 0.890324 0.031754 0.041471
0 0.290551 0.392473 0.018392 0.026294
0 0.567183 0.533749 0.021526 0.039539
0 0.540170 0.701032 0.027554 0.031208
0 0.508151 0.654213 0.031948 0.039749
0 0.775438 0.509664 0.030714 0.039994
0 0.686195 0.180965 0.030478 0.031943
0 0.852809 0.140772 0.033775 0.030690
0 0.900244 0.226997 0.028394 0.039721
0 0.856839 0.317771 0.037204 0.025314
0 0.733267 0.283728 0.027837 0.043179
0 0.537679 0.183142 0.022991 0.036367
0 0.374543 0.742524 0.032972 0.027344
0 0.376754 0.809332 0.025107 0.040834
0 0.300894 0.804649 0.035561 0.034001
0 0.293927 0.736913 0.024503 0.038341
0 0.673668 0.829455 0.030342 0.028898
0 0.833874 0.838997 0.032699 0.036682
0 0.121501 0.811814 0.027370 0.030620
0 0.456438 0.240843 0.026693 0.029724
0 0.191971 0.554579 0.022708 0.043578
0 0.211305 0.496682 0.022450 0.028562
0 0.494156 0.482159 0.031744 0.037641
0 0.408836 0.496605 0.032232 0.037242
0 0.361950 0.467308 0.031129 0.031334
0 0.277751 0.261603 0.027055 0.043816
0 0.319241 0.173632 0.030630 0.039147
0 0.214907 0.351048 0.036521 0.038425
0 0.799487 0.254582 0.028924 0.040652
0 0.765289 0.216986 0.024005 0.036808
0 0.523269 0.574233 0.034726 0.037620
0 0.373924 0.674525 0.033067 0.045216
0 0.346065 0.564562 0.031355 0.029521
0 0.247645 0.613824 0.026225 0.037767
0 0.453322 0.740098 0.027118 0.033805
0 0.465214 0.539721 0.034080 0.036542
0 0.624929 0.289129 0.028494 0.032503
0 0.685807 0.397370 0.023264 0.045412
0 0.628885 0.186254 0.021117 0.038768
0 0.714804 0.165305 0.023317 0.042920
0 0.762955 0.798471 0.025175 0.034974
0 0.758143 0.854916 0.033077 0.040113
0 0.720391 0.835353 0.022351 0.036409
0 0.647214 0.770837 0.027732 0.040092
0 0.581283 0.757305 0.030846 0.046000
0 0.684022 0.626365 0.033439 0.037648
0 0.611391 0.534418 0.029832 0.033595
0 0.586053 0.385739 0.030945 0.036584
0 0.526892 0.313956 0.026052 0.032146
0 0.388866 0.611251 0.034001 0.042577
0 0.304504 0.596186 0.022303 0.036906
0 0.272025 0.505215 0.027617 0.037452
0 0.177128 0.438372 0.033040 0.033609
0 0.133860 0.634349 0.029806 0.034463
0 0.141588 0.733654 0.025774 0.041583
0 0.632870 0.725561 0.024236 0.041583
0 0.465994 0.772282 0.028163 0.024194
0 0.239822 0.792220 0.021805 0.029500
0 0.800689 0.751106 0.021227 0.038376
0 0.837920 0.479282 0.020251 0.033399
0 0.714106 0.527967 0.028882 0.029136
0 0.727455 0.647300 0.029675 0.032587
0 0.548718 0.787396 0.025590 0.034820
0 0.570756 0.220591 0.029733 0.027988
0 0.660718 0.287739 0.023658 0.041779
0 0.469461 0.356813 0.026971 0.034078
0 0.358283 0.217136 0.032752 0.029451
0 0.253182 0.159449 0.028992 0.039217
0 0.103035 0.289574 0.029596 0.035520
0 0.130214 0.502755 0.031985 0.039196
0 0.097530 0.395221 0.021778 0.029241
0 0.223950 0.273042 0.023926 0.034645
0 0.353639 0.166082 0.031549 0.034841
0 0.320110 0.688053 0.034552 0.034624
0 0.526635 0.434959 0.024603 0.031334
0 0.251601 0.665029 0.025202 0.029892
0 0.207588 0.665277 0.019174 0.035835
0 0.820362 0.593326 0.027853 0.030963
0 0.819407 0.668263 0.026530 0.037788
0 0.846194 0.628885 0.030457 0.024250
0 0.853201 0.563151 0.033004 0.024320
0 0.722131 0.735663 0.026672 0.030886
0 0.582018 0.807005 0.026698 0.035660
0 0.756193 0.335052 0.031066 0.036325
0 0.857298 0.277883 0.032242 0.038040
0 0.476990 0.401927 0.024209 0.034855
0 0.428097 0.551863 0.029433 0.033371
0 0.317057 0.534278 0.025895 0.033525
0 0.289078 0.556606 0.017935 0.037858
0 0.168951 0.707840 0.021820 0.043102
0 0.200962 0.777652 0.025958 0.039777
0 0.250827 0.200503 0.025427 0.028345
0 0.409959 0.365448 0.030961 0.027057
0 0.672749 0.705817 0.022813 0.038607
0 0.847795 0.526686 0.021196 0.033350
0 0.803942 0.452642 0.029643 0.035352
0 0.723071 0.582031 0.029633 0.034246
0 0.459969 0.592672 0.017667 0.029346
0 0.332359 0.502958 0.024745 0.033007
0 0.703931 0.434028 0.024062 0.030186
0 0.765105 0.388437 0.025097 0.044110
0 0.220669 0.466902 0.030583 0.035198
0 0.421082 0.313834 0.019689 0.037501
0 0.595068 0.193034 0.030147 0.028597
0 0.608304 0.613162 0.027050 0.026546
0 0.805478 0.386820 0.018612 0.039812
0 0.613174 0.419260 0.023180 0.032825
0 0.370797 0.393688 0.019967 0.035625
0 0.348045 0.352889 0.020319 0.038579
0 0.546234 0.408816 0.025748 0.030221
0 0.694822 0.740749 0.016995 0.029479
0 0.816506 0.719230 0.019342 0.032839
0 0.230114 0.234515 0.028252 0.024922
0 0.738825 0.775604 0.028525 0.026301
0 0.447166 0.437857 0.020119 0.035030
0 0.691821 0.685249 0.014722 0.034197
0 0.687967 0.478050 0.028131 0.025699
0 0.445470 0.652928 0.020140 0.031145