0 0.137509 0.465988 0.017961 0.034799
0 0.127098 0.154871 0.025270 0.034470
0 0.204340 0.483857 0.022183 0.038516
0 0.130728 0.221393 0.019846 0.036255
0 0.092682 0.250578 0.027969 0.032671
0 0.075185 0.308786 0.026661 0.026637
0 0.230293 0.209957 0.024283 0.035884
0 0.562983 0.157101 0.023480 0.041254
0 0.717818 0.280865 0.023096 0.041177
2 0.016701 0.126229 0.033403 0.044082
2 0.975006 0.116988 0.031098 0.043816
2 0.970191 0.947238 0.034332 0.047743
2 0.018539 0.943769 0.031429 0.047792
0 0.284697 0.232362 0.027832 0.029647
0 0.658568 0.256720 0.023642 0.040043
0 0.873659 0.225271 0.026824 0.031887
0 0.805084 0.161927 0.027013 0.027764
0 0.506077 0.680787 0.018906 0.025902
0 0.606380 0.670230 0.017594 0.024362
0 0.706522 0.365290 0.029181 0.039917
0 0.652509 0.349368 0.030436 0.034421
0 0.582283 0.337555 0.018156 0.034484
0 0.376326 0.308643 0.024272 0.034792
0 0.313658 0.269059 0.031003 0.027519
0 0.406552 0.187833 0.020692 0.032279
0 0.393757 0.244848 0.024041 0.040463
0 0.520846 0.216776 0.022235 0.032454
0 0.372892 0.408375 0.028756 0.027267
0 0.810174 0.802251 0.027648 0.036962
0 0.514982 0.633023 0.021206 0.027526
0 0.611042 0.411336 0.025721 0.041114
0 0.296565 0.727508 0.024750 0.040631
0 0.425729 0.757746 0.019836 0.034337
0 0.777940 0.517561 0.026162 0.040134
0 0.523298 0.546024 0.028588 0.032573
0 0.542564 0.268845 0.033917 0.031152
0 0.710494 0.179894 0.030604 0.027085
0 0.256986 0.167997 0.024178 0.038838
0 0.171355 0.194861 0.022881 0.036801
0 0.312445 0.185494 0.031402 0.029717
0 0.226673 0.264596 0.024908 0.034806
0 0.794111 0.232072 0.022802 0.040897
0 0.262128 0.584271 0.028373 0.034064
0 0.225250 0.608391 0.021012 0.037081
0 0.085523 0.636957 0.025391 0.041401
0 0.081217 0.559024 0.025265 0.039798
0 0.452952 0.477333 0.019899 0.037662
0 0.339565 0.355591 0.029381 0.032993
0 0.430325 0.304992 0.033366 0.034561
0 0.185752 0.294201 0.023648 0.038320
0 0.668507 0.532258 0.022078 0.041163
0 0.424726 0.423478 0.020203 0.037606
0 0.654859 0.462474 0.027753 0.030445
0 0.735947 0.411913 0.036390 0.028226
0 0.564734 0.711701 0.028441 0.031642
0 0.530924 0.733059 0.027176 0.042423
0 0.719669 0.470423 0.031901 0.030326
0 0.306194 0.625770 0.033602 0.034890
0 0.362496 0.724018 0.024598 0.032027
0 0.753925 0.754256 0.025784 0.043165
0 0.773472 0.295737 0.020576 0.041744
0 0.877888 0.297117 0.023280 0.035499
0 0.863281 0.442964 0.032500 0.035513
0 0.714421 0.517060 0.032610 0.029332
0 0.352481 0.478001 0.031113 0.031859
0 0.272453 0.412211 0.021878 0.035555
0 0.538225 0.798636 0.029565 0.036311
0 0.828406 0.913362 0.029481 0.029668
0 0.278357 0.883590 0.023763 0.039609
0 0.202222 0.400268 0.023332 0.037151
0 0.480626 0.399733 0.028520 0.039399
0 0.495661 0.595504 0.029376 0.028205
0 0.673889 0.614800 0.028525 0.038600
0 0.869091 0.724739 0.031465 0.033973
0 0.644891 0.891962 0.018728 0.035940
0 0.466332 0.875924 0.036632 0.033574
0 0.368051 0.911623 0.025112 0.036997
0 0.187151 0.881563 0.032620 0.036479
0 0.100607 0.836008 0.031218 0.031796
0 0.301939 0.357754 0.021647 0.030473
0 0.125428 0.545954 0.034731 0.032657
0 0.730230 0.565167 0.032515 0.028534
0 0.566703 0.638868 0.030804 0.030648
0 0.219595 0.838244 0.030242 0.029283
0 0.210696 0.666660 0.034138 0.032580
0 0.362205 0.254673 0.027144 0.042010
0 0.742970 0.217427 0.032762 0.031264
0 0.837345 0.227382 0.024645 0.039791
0 0.729269 0.629771 0.024377 0.045902
0 0.487347 0.353369 0.026304 0.037522
0 0.392912 0.658732 0.029964 0.037333
0 0.456609 0.643404 0.021437 0.031684
0 0.871028 0.829263 0.032032 0.037725
0 0.400259 0.825360 0.035303 0.039413
0 0.407353 0.485261 0.033403 0.029269
0 0.269177 0.478029 0.030016 0.032783
0 0.094902 0.710195 0.032662 0.036878
0 0.799603 0.693531 0.032053 0.043228
0 0.876607 0.582073 0.029969 0.048233
0 0.805580 0.457808 0.024089 0.035142
0 0.450657 0.582910 0.027554 0.035765
0 0.477502 0.696160 0.028856 0.038726
0 0.269736 0.358440 0.028583 0.041086
0 0.160773 0.837075 0.031444 0.037669
0 0.466684 0.763717 0.024566 0.036367
0 0.111047 0.315416 0.026477 0.043172
0 0.687093 0.666625 0.029176 0.039791
0 0.816094 0.290904 0.026635 0.040295
0 0.638669 0.691088 0.020471 0.040288
0 0.307699 0.787022 0.034752 0.033721
0 0.243259 0.744267 0.025580 0.034050
0 0.523367 0.457535 0.031129 0.032314
0 0.597522 0.843869 0.032032 0.031824
0 0.339873 0.865157 0.027885 0.031628
0 0.762711 0.830680 0.031250 0.030928
0 0.913742 0.785744 0.024131 0.039371
0 0.739171 0.926096 0.024818 0.040421
0 0.399818 0.718666 0.023585 0.038978
0 0.252066 0.538334 0.024755 0.038838
0 0.498023 0.790799 0.026288 0.039399
0 0.534986 0.868959 0.025081 0.037536
0 0.560473 0.464693 0.028908 0.029549
0 0.296888 0.567554 0.035676 0.039175
0 0.653530 0.744221 0.031250 0.031033
0 0.342763 0.146183 0.022755 0.039931
0 0.367075 0.789311 0.024703 0.039812
0 0.862488 0.515282 0.023248 0.039259
0 0.349570 0.546098 0.025112 0.042199
0 0.094929 0.485352 0.025595 0.042024
0 0.832197 0.366127 0.027013 0.036717
0 0.097478 0.399575 0.023931 0.031845
0 0.590322 0.532829 0.029801 0.029283
0 0.730393 0.677230 0.036632 0.028366
0 0.770379 0.633828 0.027223 0.042045
0 0.344934 0.660104 0.031413 0.031691
0 0.137716 0.648991 0.021232 0.040155
0 0.168331 0.739328 0.020875 0.042024
0 0.872713 0.887916 0.021049 0.040477
0 0.613856 0.620243 0.020755 0.041212
0 0.801283 0.598864 0.021049 0.034967
0 0.511905 0.915935 0.035046 0.032993
0 0.568795 0.593449 0.030704 0.035674
0 0.313319 0.434633 0.023406 0.035961