1 0.103999 0.266562 0.105632 0.139386
1 0.297679 0.267866 0.104962 0.140843
1 0.489075 0.273245 0.099984 0.140262
1 0.675180 0.273278 0.102111 0.138677
1 0.861663 0.278474 0.101952 0.138622
1 0.102396 0.525039 0.103890 0.136563
1 0.296844 0.528725 0.099247 0.132885
1 0.487170 0.528206 0.099431 0.139146
1 0.673499 0.532076 0.098406 0.138895
1 0.860277 0.535137 0.102253 0.141892
1 0.101085 0.782405 0.105741 0.137578
1 0.294633 0.785960 0.101441 0.140435
1 0.485055 0.786339 0.103660 0.142020
1 0.673868 0.789595 0.101144 0.138867
1 0.860993 0.790488 0.099850 0.145117