1 0.112851 0.079592 0.030966 0.041758
1 0.112536 0.142575 0.031628 0.043550
1 0.110168 0.205460 0.034085 0.041156
1 0.110982 0.276010 0.033109 0.047218
1 0.112672 0.338626 0.030168 0.038824
1 0.369022 0.342147 0.033996 0.040337
1 0.109992 0.466296 0.030804 0.038397
1 0.614402 0.773550 0.029586 0.043963
1 0.747422 0.832441 0.031397 0.041982
1 0.874488 0.572805 0.029439 0.043291
1 0.747427 0.195330 0.029738 0.040064
1 0.944207 0.765194 0.029659 0.044936
1 0.478715 0.717500 0.029297 0.046994
1 0.369036 0.475015 0.031429 0.043725
1 0.744886 0.324558 0.033340 0.043886
1 0.479904 0.265965 0.032484 0.042500
1 0.253657 0.734140 0.032085 0.043760
1 0.255455 0.603568 0.032584 0.040218
1 0.369127 0.540708 0.033975 0.043781
1 0.369141 0.136449 0.031660 0.042836
1 0.257364 0.141255 0.031539 0.041093
1 0.613116 0.453395 0.033061 0.045972
1 0.872312 0.258723 0.031565 0.046049
1 0.615555 0.127646 0.031712 0.039693
1 0.370080 0.414686 0.032930 0.044005
1 0.550810 0.458190 0.032904 0.044824
1 0.748900 0.705575 0.033639 0.044943
1 0.479390 0.587936 0.031371 0.044124
1 0.255581 0.205789 0.034568 0.039112
1 0.614418 0.262370 0.032683 0.045223
1 0.939650 0.257928 0.031035 0.040652
1 0.369891 0.662949 0.030987 0.041023
1 0.179585 0.797642 0.031371 0.046504
1 0.255450 0.544246 0.030882 0.042178
1 0.613234 0.705880 0.032920 0.044082
1 0.941267 0.447931 0.030625 0.041499
1 0.106729 0.724151 0.032164 0.040232
1 0.872141 0.389267 0.028798 0.042045
1 0.745792 0.451476 0.035424 0.043116
1 0.551616 0.522240 0.031134 0.041233
1 0.615137 0.895105 0.030919 0.041023
1 0.549981 0.897156 0.031749 0.042423
1 0.805113 0.831863 0.026336 0.042143
1 0.479558 0.902802 0.030184 0.039784
1 0.551516 0.840271 0.028761 0.040701
1 0.803648 0.386257 0.027039 0.041555
1 0.804244 0.257508 0.030142 0.040806
1 0.804283 0.893247 0.032521 0.038075
1 0.747078 0.895630 0.031654 0.044439
1 0.612995 0.578265 0.030993 0.041877
1 0.875633 0.770105 0.028578 0.041709
1 0.941236 0.890460 0.027475 0.042136
1 0.872671 0.895578 0.029659 0.044222
1 0.875827 0.702624 0.030867 0.038579
1 0.806478 0.704504 0.029475 0.039175
1 0.806845 0.771330 0.029969 0.040295
1 0.477539 0.779573 0.030462 0.042710
1 0.478545 0.848468 0.032704 0.041919
1 0.550065 0.777197 0.031245 0.042885
1 0.551445 0.711925 0.031423 0.045251
1 0.479857 0.652270 0.031465 0.037641
1 0.551243 0.644472 0.030210 0.045398
1 0.614352 0.641266 0.031418 0.041030
1 0.552267 0.581013 0.030305 0.040288
1 0.749052 0.639480 0.030898 0.040946
1 0.748344 0.575412 0.030898 0.040792
1 0.746614 0.515930 0.030189 0.043564
1 0.808066 0.639820 0.029964 0.041989
1 0.806236 0.571926 0.031345 0.045468
1 0.875315 0.640180 0.028362 0.042458
1 0.942847 0.635336 0.030205 0.042976
1 0.943520 0.701693 0.031287 0.042542
1 0.874186 0.833809 0.030189 0.042661
1 0.749630 0.769913 0.032001 0.043998
1 0.941685 0.829602 0.034253 0.045965
1 0.942154 0.569875 0.030090 0.043788
1 0.941209 0.511379 0.029061 0.045678
1 0.872608 0.515867 0.029607 0.039952
1 0.805346 0.512856 0.031686 0.044726
1 0.803422 0.449744 0.031954 0.044971
1 0.871753 0.449667 0.028578 0.041359
1 0.803766 0.324058 0.033460 0.041961
1 0.746621 0.389256 0.033093 0.045538
1 0.940810 0.387755 0.029943 0.039441
1 0.871858 0.325542 0.029911 0.040099
1 0.939949 0.322535 0.030604 0.042374
1 0.745519 0.258873 0.031056 0.045272
1 0.805945 0.193751 0.030615 0.042087
1 0.940020 0.191515 0.029958 0.041870
1 0.747296 0.128966 0.029528 0.043004
1 0.870382 0.194756 0.033723 0.042752
1 0.805682 0.129659 0.031801 0.044474
1 0.939805 0.127916 0.029255 0.042962
1 0.746067 0.072178 0.030000 0.045706
1 0.937647 0.070687 0.032668 0.039952
1 0.802748 0.070880 0.030730 0.041429
1 0.870852 0.129802 0.034348 0.048653
1 0.871083 0.070684 0.031282 0.043221