0 0.257983 0.457612 0.020188 0.027022
1 0.254652 0.375697 0.015341 0.019300
0 0.687616 0.329917 0.018712 0.030214
1 0.610971 0.338531 0.018439 0.029619
0 0.551495 0.361318 0.019227 0.028961
1 0.511910 0.384909 0.021731 0.029703
1 0.784403 0.627583 0.016680 0.027428
1 0.400167 0.772751 0.013709 0.018383
0 0.805724 0.745516 0.017037 0.033833
0 0.468487 0.799339 0.020896 0.029640
0 0.374685 0.496612 0.025748 0.023984
0 0.687384 0.195848 0.022314 0.033875
0 0.363520 0.187132 0.026299 0.030977
0 0.580005 0.644374 0.019678 0.037067
1 0.236677 0.562882 0.015735 0.019902
0 0.442664 0.477984 0.023758 0.034176
1 0.799322 0.310288 0.018586 0.022443
0 0.863126 0.370327 0.024587 0.026399
0 0.870684 0.504449 0.019867 0.037137
0 0.190569 0.826749 0.023684 0.031285
0 0.201119 0.545636 0.021474 0.033182
0 0.296458 0.202558 0.024671 0.030536
0 0.744574 0.279885 0.027328 0.027918
0 0.464216 0.273452 0.021437 0.036262
0 0.679299 0.562619 0.030336 0.030326
0 0.526501 0.496202 0.018182 0.032335
0 0.407754 0.429964 0.020870 0.028331
0 0.623824 0.532104 0.019573 0.032244
0 0.582527 0.459383 0.025658 0.033868
0 0.518576 0.551558 0.023122 0.026658
0 0.540966 0.304365 0.023065 0.034456
0 0.485218 0.517687 0.024283 0.027365
0 0.741363 0.660086 0.021600 0.034288
0 0.640998 0.407269 0.028982 0.029171
0 0.468277 0.383604 0.028751 0.034708
0 0.177753 0.208214 0.023464 0.026574
0 0.156919 0.316616 0.018308 0.030998
0 0.362541 0.592423 0.028772 0.029801
0 0.697365 0.430122 0.022020 0.028856
0 0.240069 0.143159 0.020293 0.032020
0 0.223050 0.227819 0.019353 0.035289
0 0.211192 0.288401 0.023002 0.035933
0 0.321166 0.247284 0.029638 0.027680
0 0.258314 0.255968 0.022120 0.032531
0 0.256327 0.218253 0.025149 0.028142
0 0.788417 0.267260 0.021127 0.032363
0 0.576681 0.282818 0.021264 0.035982
0 0.827742 0.454032 0.019804 0.036451
0 0.793998 0.405049 0.023585 0.031929
0 0.821502 0.380436 0.022676 0.036297
0 0.635842 0.629452 0.026598 0.037270
0 0.632035 0.446188 0.019647 0.032748
0 0.569402 0.543336 0.024020 0.034351
0 0.527388 0.253847 0.036768 0.036941
0 0.751641 0.363428 0.026687 0.029906
0 0.720908 0.345035 0.026819 0.027099
0 0.719677 0.396621 0.018245 0.030683
0 0.741274 0.465509 0.017820 0.029206
0 0.667785 0.513483 0.024729 0.032874
0 0.866311 0.590614 0.026693 0.038040
0 0.789593 0.549339 0.022755 0.029080
0 0.758206 0.612557 0.018817 0.035779
0 0.775960 0.774194 0.025196 0.035058
0 0.654777 0.736612 0.017562 0.038845
0 0.529234 0.614716 0.019342 0.037424
0 0.418160 0.541093 0.023222 0.039147
0 0.432822 0.299934 0.025454 0.025608
0 0.423358 0.346197 0.016743 0.035149
0 0.432069 0.395417 0.020450 0.028247
0 0.595485 0.719342 0.022498 0.031901
0 0.416307 0.712257 0.026435 0.032209
0 0.503877 0.717903 0.017489 0.039133
0 0.355419 0.675981 0.021752 0.034477
0 0.399548 0.814898 0.034206 0.031761
0 0.710575 0.760133 0.023553 0.027827
0 0.183667 0.493878 0.019143 0.032643
0 0.150887 0.501617 0.026813 0.037158
0 0.201511 0.457938 0.025469 0.029003
0 0.213741 0.732492 0.024509 0.034974
0 0.233490 0.538695 0.016754 0.029787
0 0.325353 0.477102 0.035366 0.030564
0 0.163784 0.563543 0.024026 0.033308
0 0.235659 0.619176 0.030457 0.030466
0 0.295048 0.273497 0.028278 0.026637
0 0.378455 0.243532 0.025643 0.027330
0 0.538225 0.175841 0.024703 0.033371
0 0.231978 0.333638 0.023810 0.024593
0 0.213599 0.392459 0.019269 0.037690
0 0.482719 0.593270 0.022624 0.031509
0 0.294331 0.799584 0.022351 0.036164
0 0.282350 0.698942 0.019862 0.033427
0 0.770130 0.809710 0.030021 0.030613
0 0.736291 0.529538 0.019195 0.033343
0 0.201090 0.661609 0.021259 0.033315
0 0.325437 0.599550 0.020487 0.033931
0 0.157720 0.679649 0.018576 0.034309
0 0.226200 0.777116 0.025055 0.023921
0 0.579847 0.576903 0.024194 0.030459
0 0.352426 0.725397 0.020041 0.031817
0 0.865276 0.629064 0.029654 0.025979
0 0.699321 0.528754 0.026645 0.024047
0 0.350570 0.841930 0.019006 0.035800
0 0.618812 0.827383 0.033754 0.023213
0 0.770560 0.519986 0.018103 0.036570
0 0.820074 0.581895 0.031297 0.029269
0 0.466387 0.541261 0.025779 0.024978
0 0.354387 0.760994 0.020056 0.019244
0 0.241345 0.652893 0.027454 0.029129
0 0.147177 0.407143 0.018093 0.026189
0 0.533329 0.855371 0.025118 0.023129
0 0.714660 0.815542 0.018807 0.033875
0 0.734189 0.700230 0.020230 0.033119
0 0.672531 0.689597 0.026493 0.023921
0 0.286692 0.735268 0.025637 0.037291
0 0.675910 0.847950 0.024745 0.029346
1 0.333047 0.510763 0.018539 0.026259
0 0.463479 0.739020 0.021810 0.036325
0 0.830485 0.492821 0.029334 0.021624
0 0.176193 0.366697 0.026026 0.024446
0 0.496582 0.217756 0.019699 0.032482
0 0.364691 0.787522 0.022550 0.024250
0 0.680866 0.404888 0.020933 0.035765
0 0.655420 0.583963 0.023868 0.028548
0 0.691251 0.792671 0.017006 0.031999
0 0.507681 0.782475 0.016654 0.033644
0 0.580979 0.824933 0.017426 0.033182
0 0.358010 0.331944 0.016917 0.033077
0 0.228728 0.363383 0.018917 0.030333
0 0.185998 0.697066 0.018177 0.026329
0 0.263265 0.696877 0.014045 0.029213
0 0.590886 0.745723 0.022204 0.027372
0 0.734590 0.432320 0.022797 0.025230
0 0.586688 0.252552 0.028320 0.027841
0 0.837019 0.522090 0.022965 0.026021
0 0.811691 0.245975 0.015972 0.028030
2 0.091797 0.143954 0.029612 0.039490
2 0.928666 0.143719 0.028084 0.041135
2 0.920177 0.858038 0.028399 0.037158
2 0.099491 0.858052 0.027790 0.039287