0 0.064123 0.061283 0.047871 0.081757
0 0.077101 0.164015 0.046293 0.081343
0 0.077406 0.270838 0.050115 0.084544
0 0.066935 0.394481 0.051313 0.077476
0 0.108536 0.484834 0.053154 0.080520
0 0.104235 0.610338 0.050876 0.080095
0 0.106104 0.751061 0.056708 0.084869
0 0.106403 0.898244 0.051923 0.078231
0 0.177849 0.054805 0.052208 0.074957
0 0.162221 0.163864 0.056613 0.079418
0 0.171173 0.275584 0.058711 0.079966
0 0.178736 0.385969 0.053647 0.087023
0 0.200730 0.491919 0.055001 0.075394
0 0.223526 0.724766 0.049858 0.086430
0 0.203326 0.861784 0.052729 0.081589
0 0.260146 0.130045 0.054542 0.089077
0 0.310561 0.057785 0.053328 0.079317
0 0.278004 0.254365 0.054341 0.071678
0 0.289141 0.739213 0.048520 0.077672
0 0.279666 0.884995 0.044289 0.079076
0 0.363374 0.158220 0.047653 0.079703
0 0.362053 0.265135 0.052040 0.074236
0 0.378271 0.372932 0.047474 0.076396
0 0.383907 0.487624 0.045280 0.080011
0 0.404630 0.591290 0.049891 0.083369
0 0.373274 0.726053 0.056271 0.081169
0 0.373425 0.860388 0.049600 0.081057
0 0.315203 0.597183 0.050244 0.081399
0 0.429069 0.066001 0.053081 0.088327
0 0.487836 0.172356 0.053596 0.077342
0 0.473107 0.284272 0.053093 0.082490
0 0.493687 0.412221 0.053412 0.073245
0 0.485545 0.528737 0.048912 0.078640
0 0.505048 0.640849 0.046797 0.073536
0 0.465596 0.778236 0.053854 0.081119
0 0.447033 0.882731 0.055533 0.078589
0 0.564901 0.093868 0.050356 0.078886
0 0.574697 0.217440 0.039762 0.076771
0 0.572761 0.317590 0.046892 0.079429
0 0.586699 0.414899 0.050759 0.077358
0 0.595068 0.553717 0.047552 0.079071
0 0.589060 0.660347 0.050949 0.081225
0 0.571983 0.774932 0.054592 0.082736
0 0.543218 0.897783 0.051358 0.084091
0 0.658172 0.090216 0.048649 0.079933
0 0.678115 0.201004 0.052941 0.081382
0 0.670322 0.312917 0.051100 0.080694
0 0.698074 0.399515 0.052522 0.077459
0 0.677899 0.521261 0.043444 0.082412
0 0.672026 0.647660 0.050367 0.086161
0 0.640715 0.785053 0.047726 0.075926
0 0.640306 0.890793 0.052874 0.084930
0 0.769321 0.078777 0.053350 0.083537
0 0.771479 0.189073 0.048453 0.070581
0 0.763719 0.308325 0.050708 0.080867
0 0.771135 0.434859 0.050854 0.081751
0 0.759119 0.541315 0.047037 0.066636
0 0.767774 0.653942 0.050804 0.081958
0 0.742353 0.769237 0.047194 0.082104
0 0.743752 0.893266 0.049399 0.084415
0 0.857926 0.064327 0.042700 0.074773
0 0.860021 0.192951 0.046981 0.078685
0 0.860282 0.305566 0.047905 0.078830
0 0.833850 0.417205 0.050457 0.080772
0 0.840028 0.537714 0.045980 0.082490
0 0.846453 0.656661 0.048050 0.075747
0 0.829241 0.776241 0.044564 0.078248
0 0.835414 0.886694 0.050205 0.082272
0 0.952176 0.090300 0.047686 0.077716
0 0.955025 0.188048 0.056014 0.075092
0 0.961984 0.314171 0.054844 0.089357
0 0.931974 0.418901 0.050015 0.080246
0 0.932603 0.542283 0.046875 0.075993
0 0.927424 0.660635 0.048817 0.081891
0 0.922759 0.775055 0.049337 0.080263
0 0.915613 0.876763 0.047009 0.077118