0 0.078788 0.170266 0.043635 0.083581
0 0.079538 0.301100 0.056708 0.080050
0 0.081665 0.428602 0.060166 0.083565
0 0.098202 0.564445 0.052880 0.086010
0 0.221291 0.558921 0.047479 0.083828
0 0.162361 0.175932 0.050524 0.082490
0 0.098806 0.688102 0.056753 0.075500
0 0.099363 0.801903 0.049662 0.076676
0 0.101375 0.917734 0.048190 0.084964
0 0.186218 0.694733 0.053434 0.075523
0 0.196457 0.806898 0.048347 0.083710
0 0.216332 0.917681 0.049785 0.081242
0 0.155413 0.064515 0.050182 0.082535
0 0.263929 0.209074 0.051207 0.082860
0 0.170904 0.297681 0.052634 0.080666
0 0.196787 0.431795 0.051257 0.079720
0 0.278013 0.099492 0.055096 0.081729
0 0.272632 0.315749 0.050736 0.069725
0 0.286035 0.429396 0.056310 0.076558
0 0.297205 0.545845 0.051576 0.076099
0 0.304036 0.665263 0.053820 0.072646
0 0.320352 0.777341 0.055124 0.078019
0 0.325097 0.915151 0.054542 0.081645
0 0.352500 0.175121 0.050015 0.083397
0 0.364694 0.285193 0.050205 0.078243
0 0.380554 0.376858 0.051637 0.073682
0 0.384144 0.460199 0.051195 0.076737
0 0.389425 0.586760 0.051929 0.076983
0 0.414222 0.689800 0.040478 0.081606
0 0.401815 0.796604 0.055678 0.084175
0 0.410719 0.915464 0.053641 0.082473
0 0.457345 0.100829 0.049516 0.083106
0 0.467972 0.202753 0.056456 0.080123
0 0.477335 0.315155 0.055158 0.073004
0 0.481045 0.422194 0.052438 0.067884
0 0.494558 0.537621 0.045190 0.084432
0 0.491093 0.662675 0.056103 0.074969
0 0.510493 0.795523 0.055370 0.078153
0 0.516590 0.911796 0.059607 0.076849
0 0.584015 0.114577 0.043646 0.071605
0 0.587188 0.238125 0.050171 0.075159
0 0.587594 0.338355 0.052818 0.072517
0 0.589480 0.447475 0.053591 0.079518
0 0.599668 0.557139 0.053227 0.079826
0 0.600329 0.664737 0.043131 0.075008
0 0.603387 0.792401 0.048173 0.085439
0 0.614448 0.907730 0.053988 0.082462
0 0.677007 0.142200 0.053378 0.079586
0 0.672423 0.268121 0.039846 0.069887
0 0.665378 0.356997 0.048218 0.066485
0 0.694619 0.450131 0.045946 0.070313
0 0.685885 0.564073 0.050026 0.078920
0 0.700500 0.688090 0.050804 0.082966
0 0.687240 0.789776 0.044933 0.082697
0 0.699110 0.910123 0.061856 0.079961
0 0.768876 0.129306 0.051912 0.068594
0 0.749012 0.257513 0.051055 0.075590
0 0.763655 0.366689 0.052046 0.076513
0 0.837678 0.137637 0.053479 0.077185
0 0.843313 0.254306 0.059735 0.081645
0 0.858457 0.358060 0.063552 0.080543
0 0.777945 0.466623 0.056629 0.077722
0 0.774943 0.561199 0.051721 0.075970
0 0.783419 0.683409 0.056148 0.077588
0 0.774084 0.797770 0.053596 0.076759
0 0.792879 0.911122 0.059064 0.074818
0 0.867218 0.468216 0.055353 0.078500
0 0.878654 0.693975 0.054643 0.079927
0 0.878999 0.804788 0.060424 0.081057
0 0.876542 0.902383 0.054357 0.087706