0 0.204327 0.578111 0.024330 0.023788
0 0.160923 0.279013 0.021936 0.025475
0 0.207449 0.206282 0.027664 0.031712
0 0.176550 0.344993 0.026351 0.027981
1 0.070150 0.165435 0.031408 0.042703
1 0.935875 0.167409 0.028704 0.039917
1 0.931588 0.909463 0.028614 0.039020
1 0.071793 0.910888 0.028026 0.037963
0 0.508713 0.271099 0.018518 0.039161
0 0.269747 0.191700 0.029286 0.031376
0 0.293678 0.322017 0.020581 0.036521
0 0.210202 0.835241 0.016213 0.031033
0 0.428588 0.236703 0.020419 0.028961
0 0.160650 0.477291 0.026042 0.034008
0 0.145437 0.413730 0.029208 0.030851
0 0.129242 0.540267 0.027449 0.036094
0 0.342382 0.251334 0.020114 0.034421
0 0.212124 0.325619 0.025034 0.031110
0 0.131413 0.639022 0.026656 0.034078
0 0.245298 0.761246 0.023611 0.036269
0 0.199920 0.730171 0.028746 0.024341
0 0.331590 0.525345 0.022734 0.031131
0 0.372238 0.475271 0.024005 0.034183
0 0.642526 0.500942 0.026336 0.031677
0 0.364268 0.360831 0.021673 0.035254
0 0.885451 0.539255 0.030646 0.026175
0 0.828159 0.302874 0.028074 0.032930
0 0.655804 0.343011 0.031439 0.029843
0 0.654037 0.267638 0.030636 0.029899
0 0.251328 0.535387 0.021432 0.036444
0 0.445026 0.843060 0.020608 0.036647
0 0.466101 0.473293 0.027433 0.029458
0 0.616237 0.684455 0.026210 0.029388
0 0.669772 0.224098 0.030457 0.031964
0 0.341658 0.317995 0.026456 0.029010
0 0.550868 0.383061 0.021154 0.028457
0 0.756164 0.291625 0.022902 0.028170
0 0.233666 0.652372 0.023490 0.028100
0 0.628032 0.415774 0.020513 0.028191
0 0.808911 0.229125 0.021595 0.024670
0 0.838445 0.891647 0.025186 0.025958
0 0.849840 0.389246 0.019710 0.033126
0 0.551585 0.277074 0.021295 0.030851
0 0.380557 0.591828 0.019799 0.030557
0 0.292698 0.882011 0.024440 0.023430
0 0.475011 0.576644 0.018896 0.034617
0 0.438529 0.637408 0.019405 0.030865
0 0.245855 0.596263 0.024640 0.027386
0 0.304275 0.374916 0.025343 0.030858
0 0.436980 0.326616 0.015320 0.032839
0 0.223509 0.489373 0.026614 0.027834
0 0.271319 0.640065 0.024944 0.032874
0 0.401094 0.500882 0.029223 0.024754
0 0.291971 0.413233 0.025811 0.022240
0 0.768515 0.355315 0.020230 0.032118
0 0.716217 0.267435 0.026372 0.029353
0 0.647340 0.627940 0.026987 0.027498
0 0.611228 0.580883 0.020928 0.032552
0 0.523372 0.457941 0.027149 0.023199
0 0.522443 0.513556 0.025868 0.032475
0 0.692178 0.783158 0.022429 0.033931
0 0.590579 0.814555 0.028152 0.032055
0 0.467062 0.689705 0.025784 0.021253
0 0.531155 0.642659 0.016791 0.038691
0 0.767397 0.537337 0.020891 0.037865
0 0.700219 0.449275 0.019600 0.033140
0 0.577776 0.436135 0.018465 0.033882
0 0.690238 0.401885 0.023852 0.027239
0 0.688689 0.526451 0.025385 0.029409
0 0.688274 0.644713 0.029365 0.027778
0 0.803490 0.702859 0.030189 0.026784
0 0.511619 0.338230 0.025128 0.025601
0 0.783222 0.204301 0.023180 0.030718
0 0.892226 0.322637 0.022629 0.026518
0 0.768460 0.237910 0.025853 0.028716
0 0.462468 0.739058 0.021185 0.030116
0 0.323032 0.646050 0.026735 0.035394
0 0.296809 0.746801 0.023842 0.035562
0 0.761028 0.833855 0.025175 0.028611
0 0.606206 0.865101 0.023453 0.028366
0 0.506287 0.583095 0.026162 0.026098
0 0.291942 0.532584 0.025963 0.031831
0 0.587072 0.765572 0.023826 0.032895
0 0.396946 0.803340 0.020298 0.033791
0 0.867647 0.679071 0.017342 0.039034
0 0.735420 0.395459 0.022461 0.027883
0 0.404958 0.717126 0.018691 0.035128
0 0.333685 0.725190 0.014911 0.030074
0 0.512640 0.838241 0.021752 0.037760
0 0.340626 0.817897 0.023311 0.035870
0 0.343018 0.898315 0.025921 0.035513
0 0.381198 0.884794 0.023128 0.032986
0 0.604277 0.378430 0.024813 0.034218
0 0.664674 0.840726 0.022382 0.038712
0 0.553766 0.894283 0.022634 0.034547
0 0.673655 0.895525 0.019857 0.033364
0 0.734257 0.872396 0.018759 0.036416
0 0.641791 0.743689 0.023910 0.033693
0 0.426162 0.803585 0.021427 0.034449
0 0.694446 0.723675 0.030798 0.025643
0 0.567782 0.672600 0.023385 0.031565
0 0.501953 0.665235 0.018534 0.038537
0 0.743064 0.591909 0.026913 0.036472
0 0.825429 0.464217 0.020639 0.034239
0 0.746679 0.742842 0.021154 0.024075
0 0.355907 0.687027 0.020744 0.028261
0 0.882203 0.623971 0.021243 0.037354
0 0.862373 0.581132 0.029727 0.029927
0 0.807118 0.588871 0.019143 0.038306
0 0.573880 0.564887 0.022529 0.026070
0 0.437547 0.418763 0.018103 0.034813
0 0.311190 0.441312 0.025249 0.025503
0 0.694008 0.310102 0.020891 0.032825
0 0.728447 0.536301 0.023101 0.026973
0 0.653265 0.553130 0.024367 0.032867
0 0.785555 0.449173 0.024971 0.032139
0 0.590870 0.505968 0.022540 0.034771
0 0.859346 0.471312 0.025469 0.024040
0 0.743705 0.644836 0.025590 0.027057
0 0.342083 0.431984 0.020030 0.027778
0 0.703458 0.575377 0.025816 0.027505
0 0.751756 0.694315 0.023936 0.027309
0 0.720858 0.359816 0.018507 0.032454
0 0.650267 0.446912 0.025081 0.022338
0 0.383028 0.400828 0.019395 0.027799
0 0.266980 0.481197 0.021411 0.024152
0 0.353629 0.731501 0.025490 0.022730
0 0.832869 0.719940 0.022046 0.025384
0 0.765898 0.422488 0.017452 0.032587
0 0.415456 0.751943 0.018192 0.031089
0 0.825875 0.518828 0.023117 0.024929
0 0.707869 0.604170 0.028441 0.024159
0 0.780709 0.509587 0.022314 0.024355
0 0.569656 0.487270 0.016885 0.028611
0 0.852418 0.505943 0.019825 0.022541
0 0.544203 0.582542 0.023669 0.020791
0 0.389339 0.623215 0.020623 0.024992
0 0.366466 0.223948 0.020335 0.026973
0 0.482007 0.727490 0.019584 0.021694
0 0.381844 0.665172 0.022067 0.024635
0 0.788270 0.633877 0.016287 0.026854
0 0.833459 0.621685 0.025422 0.023220
0 0.724318 0.721442 0.014318 0.025349
0 0.640244 0.707577 0.012512 0.026070
0 0.803994 0.644248 0.018534 0.020994
0 0.213938 0.516707 0.024514 0.025909
0 0.391436 0.281394 0.024997 0.023753
0 0.520747 0.794204 0.015263 0.028723
0 0.363244 0.641980 0.024530 0.023178
0 0.276013 0.456779 0.018381 0.028842
0 0.307554 0.554758 0.024782 0.022695
0 0.411794 0.298352 0.018733 0.027288
0 0.531872 0.691543 0.027023 0.023935
0 0.156977 0.703461 0.001349 0.023914
2 0.510154 0.383726 0.021127 0.028233
2 0.559229 0.331300 0.024246 0.027141
2 0.589568 0.294355 0.020692 0.026308
2 0.805197 0.388073 0.019489 0.027729
2 0.467705 0.508884 0.015804 0.026154
2 0.182352 0.680034 0.021794 0.030235
2 0.397524 0.863477 0.020235 0.026602