0 0.778678 0.593680 0.021390 0.031043
0 0.732032 0.242305 0.023618 0.023001
0 0.499467 0.110908 0.019066 0.024669
0 0.351829 0.117658 0.021528 0.024781
0 0.235107 0.095907 0.025498 0.027215
0 0.202691 0.283284 0.021730 0.023891
0 0.170216 0.357167 0.018390 0.021104
0 0.234478 0.415350 0.022603 0.019195
0 0.313362 0.558045 0.025363 0.019531
0 0.628422 0.719570 0.024465 0.023891
0 0.501953 0.300703 0.022947 0.022609
0 0.855028 0.283704 0.026870 0.021574
0 0.547993 0.463117 0.023240 0.017925
0 0.350159 0.364126 0.020354 0.029258
0 0.348466 0.651196 0.027751 0.018300
0 0.274239 0.657680 0.021541 0.027887
0 0.428590 0.534121 0.017635 0.031104
0 0.397464 0.242386 0.021684 0.030875
0 0.546953 0.616272 0.016796 0.036539
0 0.592349 0.488057 0.021793 0.031228
0 0.604925 0.215238 0.023467 0.029890
0 0.751861 0.442693 0.019808 0.030142
0 0.181315 0.760821 0.018638 0.029431
0 0.375757 0.696172 0.022141 0.029028
0 0.516976 0.709203 0.023505 0.026807
0 0.436936 0.398197 0.024012 0.027053
0 0.718230 0.537837 0.024302 0.023572
0 0.461846 0.253405 0.020983 0.030103
0 0.352257 0.178932 0.027520 0.024277
0 0.467086 0.623271 0.027109 0.026213
0 0.500145 0.779669 0.027830 0.020600
0 0.417998 0.798537 0.023077 0.033130
0 0.228394 0.772497 0.028091 0.032537
0 0.147842 0.651874 0.025846 0.030187
0 0.302009 0.793215 0.021763 0.032940
0 0.676144 0.706972 0.022896 0.033069
0 0.327968 0.718367 0.019598 0.030024
0 0.493717 0.534171 0.023794 0.025967
0 0.832100 0.440637 0.027117 0.026745
0 0.854904 0.504835 0.024709 0.023717
0 0.567934 0.735058 0.020366 0.032157
0 0.773951 0.535414 0.019170 0.031586
0 0.715106 0.655567 0.017610 0.032694
0 0.681164 0.815469 0.018436 0.030819
0 0.699120 0.760874 0.022074 0.028452
0 0.619818 0.775447 0.025787 0.025228
0 0.800668 0.751894 0.027835 0.022279
0 0.787185 0.815144 0.018868 0.033281
0 0.193091 0.547149 0.025984 0.021580
0 0.558046 0.765566 0.026060 0.024585
1 0.087001 0.081922 0.030608 0.037344
0 0.873007 0.587362 0.024218 0.023689
0 0.190401 0.686683 0.026521 0.026280
0 0.188870 0.629262 0.026479 0.024853
0 0.196288 0.406158 0.017710 0.030909
0 0.238927 0.600505 0.020509 0.026023
0 0.825295 0.776160 0.028149 0.029174
0 0.806970 0.642058 0.023689 0.024490
0 0.896552 0.694017 0.021990 0.030024
0 0.899520 0.664603 0.029748 0.024630
0 0.840205 0.637220 0.017597 0.032968
0 0.842705 0.597936 0.020652 0.033142
0 0.676180 0.555435 0.026576 0.021518
0 0.624450 0.583500 0.016263 0.029879
0 0.480903 0.655041 0.025019 0.025486
0 0.503015 0.627762 0.025086 0.020511
0 0.865830 0.399593 0.024919 0.024171
0 0.853190 0.184030 0.026282 0.027411
0 0.560662 0.554917 0.023656 0.031037
0 0.530669 0.557161 0.026085 0.032280
0 0.382445 0.562797 0.021520 0.031530
0 0.816169 0.405564 0.021226 0.031110
0 0.616147 0.458719 0.021524 0.031379
0 0.832365 0.349903 0.023819 0.025794
0 0.799927 0.327305 0.030944 0.025100
0 0.738432 0.377482 0.026215 0.029051
0 0.257609 0.525911 0.025707 0.022553
0 0.801278 0.177771 0.020320 0.027808
0 0.783029 0.235673 0.030075 0.027221
0 0.674504 0.292532 0.025112 0.027131
0 0.638729 0.310001 0.017698 0.027472
0 0.580309 0.358261 0.022502 0.029146
0 0.285431 0.434565 0.018877 0.027540
0 0.267530 0.327999 0.024847 0.024294
1 0.078205 0.822828 0.028405 0.041698
1 0.943806 0.070626 0.028665 0.037641
1 0.958697 0.822271 0.029731 0.040753
0 0.645989 0.418207 0.024885 0.020320
0 0.685331 0.346112 0.017798 0.030556
0 0.634736 0.392139 0.022905 0.024842
0 0.707195 0.347970 0.019091 0.030355
0 0.599941 0.302116 0.018038 0.029890
0 0.679920 0.143876 0.025665 0.021165
0 0.509025 0.375031 0.023907 0.022492
0 0.554688 0.260292 0.025342 0.019867
0 0.595122 0.181045 0.025460 0.027674
0 0.633203 0.155050 0.023840 0.025491
0 0.505698 0.256271 0.025594 0.025435
0 0.404188 0.322954 0.023861 0.021859
0 0.488109 0.357002 0.024117 0.022609
0 0.378625 0.445559 0.020408 0.020057
2 0.243810 0.704210 0.024078 0.029164
2 0.603904 0.594398 0.019594 0.025727
2 0.475699 0.411668 0.019705 0.020007
2 0.646532 0.575115 0.018765 0.024782
2 0.553805 0.310036 0.021589 0.028674
0 0.316005 0.295716 0.025606 0.030151
0 0.444743 0.295104 0.022813 0.037662
0 0.317609 0.388899 0.027417 0.029395
0 0.373102 0.294915 0.023894 0.028744
0 0.297697 0.171665 0.025123 0.032538
0 0.389693 0.482212 0.028263 0.026504
0 0.292452 0.515814 0.023600 0.029458