0 0.224765 0.336357 0.014882 0.027333
0 0.270148 0.288425 0.020576 0.027030
0 0.470584 0.201645 0.017052 0.032543
0 0.832065 0.290613 0.022833 0.033612
0 0.555785 0.227268 0.019598 0.029202
0 0.825926 0.389537 0.018361 0.028491
0 0.823264 0.483902 0.016066 0.025961
0 0.724251 0.396087 0.017135 0.027568
0 0.844681 0.601697 0.017538 0.030981
0 0.502727 0.487612 0.015566 0.032017
0 0.216839 0.438421 0.023333 0.029621
0 0.797060 0.751458 0.022145 0.023689
0 0.506887 0.637592 0.027595 0.021837
0 0.371413 0.661203 0.025233 0.022262
0 0.364492 0.530279 0.023039 0.023689
0 0.229969 0.571236 0.024738 0.025295
0 0.296661 0.411178 0.026425 0.024048
0 0.562269 0.534518 0.021633 0.023930
0 0.464986 0.354643 0.021449 0.025872
0 0.295025 0.557088 0.020693 0.023986
0 0.863418 0.440351 0.017492 0.030472
0 0.473049 0.283321 0.024189 0.022710
0 0.745030 0.310001 0.023341 0.028446
0 0.313335 0.281211 0.019947 0.030702
0 0.369548 0.383162 0.023291 0.025738
0 0.545081 0.397022 0.023710 0.022262
0 0.845810 0.550152 0.022707 0.024450
0 0.874155 0.684489 0.021914 0.023046
0 0.842204 0.721548 0.025951 0.025553
1 0.140380 0.123425 0.026051 0.036673
1 0.942900 0.147237 0.023748 0.034737
1 0.941561 0.835991 0.024486 0.032957
1 0.126878 0.830229 0.027000 0.035973
0 0.486670 0.431906 0.018747 0.016873
0 0.401091 0.454714 0.017794 0.027534
0 0.536990 0.337454 0.021810 0.019498
0 0.290583 0.702395 0.017702 0.028704
0 0.587479 0.473389 0.024121 0.021255
0 0.723785 0.508979 0.015373 0.024887
0 0.228719 0.719659 0.020744 0.028513
0 0.605901 0.619980 0.014702 0.029851
0 0.456421 0.792071 0.017912 0.021552
0 0.349213 0.803565 0.014576 0.020197
0 0.598800 0.420669 0.020966 0.020253
0 0.762273 0.476039 0.021172 0.030159
0 0.399610 0.402576 0.018348 0.026275
0 0.653953 0.582205 0.017156 0.027243
0 0.301881 0.631332 0.022053 0.019134
0 0.627073 0.771697 0.018059 0.030108
0 0.581482 0.805020 0.025837 0.024809
0 0.339451 0.400058 0.022166 0.024070
0 0.686600 0.314157 0.018038 0.028676
0 0.644189 0.411796 0.021260 0.027903
0 0.421445 0.577190 0.022796 0.028004
0 0.729753 0.632051 0.021495 0.023337
0 0.535454 0.751671 0.016473 0.030215
0 0.528166 0.588277 0.021709 0.025307
0 0.730848 0.351744 0.019682 0.026476
0 0.682771 0.598647 0.024512 0.021289
0 0.458819 0.548274 0.024738 0.024087
0 0.411545 0.728295 0.019686 0.030786
0 0.629053 0.549494 0.015197 0.027993
0 0.455181 0.483765 0.019510 0.022217
0 0.520096 0.709768 0.023081 0.029448
0 0.754101 0.591696 0.016947 0.024232
0 0.635548 0.243189 0.021625 0.021725
0 0.274176 0.781057 0.016867 0.028502
0 0.427415 0.686966 0.019850 0.025749
0 0.638185 0.675378 0.020689 0.027870
0 0.796768 0.579574 0.023173 0.020281
0 0.292889 0.824375 0.019082 0.030433
0 0.407370 0.786698 0.022640 0.019022
0 0.702630 0.710733 0.017362 0.023387
0 0.775680 0.651443 0.020404 0.029112
0 0.442359 0.622428 0.020333 0.026208