1 0.152518 0.234442 0.106901 0.143839
1 0.350570 0.239978 0.108379 0.139821
1 0.548613 0.241708 0.106938 0.142623
1 0.745568 0.242966 0.111380 0.143265
1 0.945668 0.249417 0.106587 0.137227
1 0.149710 0.499807 0.109350 0.149314
1 0.348609 0.502737 0.106155 0.139648
1 0.545560 0.503117 0.105975 0.144760
1 0.745066 0.504835 0.108483 0.144291
1 0.944860 0.508318 0.110279 0.146233
1 0.147261 0.762422 0.107357 0.141339
1 0.345563 0.763555 0.106285 0.144732
1 0.542680 0.766071 0.105841 0.145882
1 0.743416 0.768870 0.106775 0.144436
1 0.941997 0.769858 0.107851 0.141378