0 0.091604 0.169678 0.055667 0.079194
0 0.075111 0.299315 0.055454 0.080352
0 0.093185 0.426637 0.051520 0.080028
0 0.081606 0.511260 0.051363 0.082054
0 0.099982 0.615724 0.055421 0.077537
0 0.099797 0.720088 0.050250 0.081091
0 0.114616 0.834555 0.047619 0.082042
0 0.110377 0.955579 0.056075 0.072378
0 0.193404 0.133280 0.053870 0.085182
0 0.156337 0.276974 0.055958 0.083475
0 0.168223 0.415954 0.050171 0.074846
0 0.170372 0.499600 0.054212 0.072434
0 0.179976 0.617554 0.053563 0.077459
0 0.190147 0.738175 0.050781 0.083800
0 0.195296 0.858032 0.053512 0.080722
0 0.196292 0.959815 0.052147 0.073206
0 0.261000 0.315214 0.046220 0.072092
0 0.262088 0.428467 0.047759 0.079166
0 0.263890 0.523617 0.048173 0.076010
0 0.269442 0.622084 0.053087 0.080531
0 0.282092 0.723031 0.057581 0.075808
0 0.271496 0.825165 0.047054 0.083173
0 0.286183 0.930451 0.053384 0.079104
0 0.304500 0.112839 0.051929 0.079289
0 0.249617 0.218308 0.046993 0.077946
0 0.426209 0.109935 0.050126 0.079233
0 0.326586 0.218940 0.059153 0.072697
0 0.332792 0.326357 0.050121 0.076748
0 0.346554 0.428039 0.042040 0.075579
0 0.368142 0.516856 0.044631 0.073312
0 0.355791 0.621516 0.049947 0.076989
0 0.355771 0.744555 0.055952 0.079099
0 0.354951 0.840977 0.055913 0.083033
0 0.365316 0.946972 0.056126 0.081376
0 0.429394 0.209807 0.057435 0.075047
0 0.420968 0.322394 0.048968 0.072148
0 0.434030 0.402520 0.053165 0.081880
0 0.438155 0.523138 0.055191 0.077996
0 0.439495 0.623483 0.048750 0.074566
0 0.439145 0.729308 0.059803 0.074706
0 0.440673 0.827073 0.056355 0.084169
0 0.447420 0.935099 0.057256 0.078382
0 0.506394 0.155654 0.051940 0.073609
0 0.506609 0.273412 0.054643 0.081735
0 0.513792 0.381676 0.055656 0.078920
0 0.518616 0.493170 0.055387 0.065740
0 0.517987 0.595116 0.056915 0.081304
0 0.532154 0.704810 0.053842 0.074610
0 0.535730 0.820774 0.050977 0.083402
0 0.544810 0.929780 0.050356 0.076967
0 0.596338 0.101132 0.053171 0.074140
0 0.616874 0.189201 0.048375 0.080733
0 0.597001 0.301836 0.055169 0.071695
0 0.601230 0.407599 0.049399 0.078908
0 0.603320 0.513918 0.053591 0.085188
0 0.609160 0.602629 0.063535 0.078735
0 0.613225 0.715163 0.050121 0.079770
0 0.617305 0.807931 0.057654 0.074314
0 0.615131 0.931554 0.048459 0.084790
0 0.678786 0.119935 0.053490 0.082938
0 0.695769 0.211175 0.047138 0.074896
0 0.687609 0.316331 0.050798 0.077649
0 0.687911 0.415974 0.052186 0.080190
0 0.693617 0.520628 0.048610 0.080643
0 0.695984 0.619169 0.054766 0.083900
0 0.693600 0.730158 0.051744 0.078959
0 0.695187 0.840501 0.061655 0.077862
0 0.698113 0.956474 0.053462 0.078265
0 0.763358 0.154647 0.054945 0.077202
0 0.780206 0.240268 0.055320 0.079401
0 0.780483 0.340079 0.054352 0.075618
0 0.767687 0.462213 0.048560 0.073861
0 0.769850 0.556087 0.049293 0.079961
0 0.769943 0.661264 0.046668 0.075528
0 0.779235 0.762094 0.054900 0.080632
0 0.774252 0.870154 0.056361 0.078438
0 0.783861 0.960951 0.055521 0.077358
0 0.852671 0.139391 0.052136 0.078131
0 0.845152 0.234963 0.054290 0.072473
0 0.862408 0.336430 0.049248 0.067201
0 0.852419 0.428672 0.058057 0.081164
0 0.850712 0.536340 0.048767 0.086077
0 0.848166 0.654876 0.054632 0.085495
0 0.844063 0.763300 0.051576 0.080839
0 0.858681 0.859870 0.056187 0.077246
0 0.931613 0.172561 0.055068 0.078970
0 0.925527 0.272660 0.065516 0.070626
0 0.933902 0.366740 0.052885 0.078058
0 0.937839 0.461637 0.056898 0.079491
0 0.935628 0.557931 0.054682 0.076329
0 0.931157 0.662328 0.054402 0.078226
0 0.929967 0.759696 0.043763 0.071135
0 0.933252 0.845311 0.052214 0.074790
0 0.936392 0.940500 0.051845 0.076983
0 0.857469 0.953727 0.050037 0.073139