0 0.085490 0.099447 0.043685 0.078662
0 0.109979 0.233314 0.046897 0.071146
0 0.129874 0.354618 0.047961 0.078371
0 0.111337 0.458635 0.035520 0.076508
0 0.121505 0.564912 0.050653 0.086419
0 0.136805 0.678798 0.048526 0.072842
0 0.135851 0.788741 0.049483 0.078444
0 0.154952 0.900648 0.048912 0.080554
0 0.195875 0.109059 0.047194 0.081779
0 0.199238 0.239680 0.054939 0.072685
0 0.199686 0.337029 0.045728 0.076592
0 0.205803 0.443205 0.048313 0.079283
0 0.227889 0.553792 0.049931 0.074219
0 0.238723 0.658939 0.049494 0.076396
0 0.221792 0.796559 0.046377 0.080112
0 0.240900 0.890398 0.048699 0.074874
0 0.310116 0.110620 0.048856 0.080694
0 0.297541 0.241404 0.047155 0.080498
0 0.307108 0.354008 0.046881 0.079949
0 0.312231 0.460716 0.051352 0.079977
0 0.333567 0.554637 0.044664 0.072618
0 0.327025 0.664989 0.046108 0.078220
0 0.306201 0.774117 0.045694 0.080716
0 0.328797 0.886694 0.053009 0.073307
0 0.418159 0.101554 0.048397 0.079250
0 0.407839 0.234820 0.046785 0.077090
0 0.404588 0.339295 0.047289 0.076200
0 0.420101 0.444193 0.044323 0.076995
0 0.423825 0.560670 0.046690 0.081651
0 0.410626 0.673210 0.048867 0.079474
0 0.415957 0.804150 0.048313 0.079244
0 0.435010 0.913055 0.051240 0.077968
0 0.524515 0.106138 0.039975 0.074661
0 0.502163 0.209874 0.045873 0.077599
0 0.502420 0.329628 0.045806 0.076933
0 0.515239 0.438183 0.044715 0.079211
0 0.515387 0.553932 0.043344 0.078136
0 0.501981 0.674097 0.049852 0.081080
0 0.518135 0.797435 0.049153 0.076256
0 0.532632 0.904314 0.049259 0.075103
0 0.598851 0.117599 0.048705 0.079989
0 0.598485 0.233032 0.051184 0.076245
0 0.605435 0.345969 0.049964 0.075881
0 0.607973 0.444106 0.055309 0.082529
0 0.626402 0.562287 0.053406 0.080778
0 0.595809 0.670426 0.052068 0.079782
0 0.600603 0.784938 0.048425 0.081897
0 0.602755 0.907817 0.047603 0.079670
0 0.675524 0.083036 0.040215 0.078791
0 0.695396 0.190567 0.049405 0.081561
0 0.704616 0.313572 0.048761 0.080974
0 0.700674 0.436423 0.050020 0.087991
0 0.709827 0.563264 0.041978 0.076709
0 0.692251 0.682768 0.046103 0.077392
0 0.696675 0.799488 0.049477 0.078629
0 0.681129 0.913609 0.050496 0.071521
0 0.767623 0.103434 0.050826 0.083962
0 0.779879 0.223129 0.049125 0.075220
0 0.788757 0.319384 0.051380 0.076177
0 0.803165 0.438983 0.052057 0.074711
0 0.802519 0.560401 0.046780 0.084046
0 0.787817 0.672317 0.050809 0.078942
0 0.792418 0.792177 0.049421 0.075881
0 0.782453 0.903908 0.052673 0.074168
0 0.896968 0.093473 0.047507 0.075299
0 0.896792 0.210993 0.053300 0.080039
0 0.902335 0.345071 0.050082 0.073558
0 0.930186 0.460616 0.048028 0.086413
0 0.904658 0.551229 0.050261 0.077397
0 0.891364 0.672384 0.046965 0.078147
0 0.885779 0.797963 0.052236 0.077000
0 0.891067 0.906359 0.048968 0.081690