1 0.144510 0.290742 0.108638 0.145301
1 0.343149 0.292520 0.109103 0.141847
1 0.539912 0.292397 0.106319 0.143945
1 0.737994 0.295982 0.105703 0.144531
1 0.935959 0.297461 0.107231 0.144330
1 0.144299 0.551470 0.106825 0.144224
1 0.341916 0.555290 0.107030 0.147455
1 0.539546 0.555700 0.106398 0.144727
1 0.737720 0.555818 0.106595 0.146211
1 0.934550 0.557681 0.105544 0.144927
1 0.143524 0.814964 0.107068 0.145340
1 0.341399 0.818287 0.104079 0.140681
1 0.539257 0.819358 0.103459 0.143415
1 0.736406 0.817896 0.105163 0.143404
1 0.933849 0.818789 0.105540 0.143382