2 0.351570 0.547274 0.020209 0.024292
2 0.169938 0.633033 0.022965 0.024425
2 0.815823 0.810144 0.018744 0.025783
2 0.594766 0.819591 0.019316 0.032006
2 0.392184 0.336456 0.017347 0.027596
2 0.470370 0.465957 0.022582 0.025650
2 0.627743 0.345315 0.017993 0.020770
0 0.305304 0.206482 0.027275 0.033035
0 0.088195 0.199572 0.030368 0.031397
0 0.183749 0.085346 0.025763 0.035415
0 0.117980 0.329728 0.023269 0.033266
0 0.263331 0.382140 0.023290 0.036304
0 0.276569 0.576935 0.025837 0.026392
0 0.178231 0.317943 0.026792 0.031201
0 0.127336 0.272258 0.027533 0.027225
0 0.141373 0.215887 0.026635 0.027624
0 0.152953 0.172806 0.020550 0.034932
0 0.200710 0.267638 0.025380 0.032783
0 0.220141 0.191427 0.029150 0.030270
0 0.222207 0.116438 0.027307 0.030116
0 0.306281 0.099595 0.026173 0.041163
0 0.290514 0.142610 0.027055 0.031593
0 0.238247 0.238925 0.028630 0.026014
0 0.355340 0.369130 0.023989 0.032559
0 0.111648 0.437612 0.024320 0.029794
0 0.097071 0.528919 0.022309 0.035730
0 0.130067 0.662673 0.031355 0.028625
0 0.200468 0.378759 0.021988 0.033336
0 0.115305 0.401882 0.030909 0.023522
0 0.497089 0.256234 0.023831 0.036367
0 0.413377 0.284988 0.034951 0.031516
0 0.221808 0.549497 0.024923 0.028219
0 0.192509 0.462663 0.019909 0.032867
0 0.167247 0.571569 0.026099 0.026945
0 0.120548 0.582770 0.029370 0.024761
0 0.139142 0.548324 0.030415 0.022681
0 0.135317 0.740493 0.020382 0.033350
0 0.104106 0.753546 0.024766 0.032545
0 0.123653 0.824271 0.021532 0.035919
0 0.226620 0.793669 0.026850 0.024712
0 0.207651 0.746244 0.022104 0.030683
0 0.265244 0.500333 0.025564 0.031845
0 0.323137 0.683384 0.027533 0.028030
0 0.216529 0.663138 0.025832 0.031446
0 0.266082 0.737676 0.028142 0.033665
0 0.220779 0.436131 0.025543 0.024943
0 0.245493 0.294572 0.021227 0.035660
0 0.320578 0.261523 0.029943 0.024488
0 0.291344 0.305545 0.028840 0.027967
0 0.416706 0.404958 0.023443 0.032937
0 0.370094 0.493206 0.021973 0.029633
0 0.411057 0.602347 0.018077 0.037214
0 0.374506 0.758348 0.022419 0.035191
0 0.473441 0.171066 0.030709 0.037347
0 0.773981 0.220038 0.024986 0.038880
0 0.404384 0.130145 0.026509 0.034484
0 0.520799 0.659166 0.031686 0.034547
0 0.638173 0.443055 0.030431 0.031299
0 0.564112 0.355241 0.023721 0.031383
0 0.518975 0.432323 0.023332 0.034869
0 0.486244 0.360621 0.032122 0.026882
0 0.506560 0.328976 0.030289 0.026917
0 0.371396 0.216062 0.020723 0.035884
0 0.449676 0.706818 0.030221 0.036241
0 0.702537 0.417363 0.024740 0.032503
0 0.657101 0.133922 0.033592 0.028247
0 0.565590 0.108731 0.019631 0.034778
0 0.498787 0.094503 0.032164 0.024859
0 0.565800 0.188414 0.028053 0.031131
0 0.741988 0.174315 0.025601 0.036087
0 0.585638 0.486983 0.030242 0.029241
0 0.580782 0.560648 0.027008 0.037095
0 0.495747 0.507147 0.023900 0.030872
0 0.482298 0.581909 0.027727 0.027071
0 0.770261 0.632795 0.023732 0.037459
0 0.399590 0.697850 0.025910 0.036619
0 0.661642 0.802276 0.028089 0.037697
0 0.532584 0.533140 0.026294 0.032230
0 0.570281 0.282377 0.020035 0.034456
0 0.793709 0.487816 0.027207 0.027463
0 0.875087 0.313127 0.030195 0.029801
0 0.766856 0.317096 0.023495 0.039574
0 0.676036 0.468915 0.024986 0.027687
0 0.653543 0.221393 0.028830 0.033077
0 0.615163 0.124786 0.026561 0.038327
0 0.525244 0.597257 0.017809 0.033546
0 0.766497 0.438235 0.029979 0.033728
0 0.905586 0.386981 0.032148 0.031117
0 0.602295 0.239839 0.026635 0.032041
0 0.637863 0.613575 0.031008 0.032874
0 0.396471 0.239891 0.021773 0.037676
0 0.802393 0.128745 0.030452 0.030578
0 0.721806 0.100393 0.033361 0.033630
0 0.795555 0.352571 0.023821 0.027344
0 0.907303 0.153880 0.029376 0.027757
0 0.882794 0.209590 0.021154 0.037095
0 0.838240 0.193296 0.026803 0.039161
0 0.841059 0.048965 0.025858 0.027897
0 0.288317 0.633838 0.025527 0.032979
0 0.307263 0.345990 0.020587 0.032832
0 0.583470 0.635774 0.022587 0.035156
0 0.538125 0.730133 0.026288 0.033630
0 0.676151 0.367180 0.028609 0.033378
0 0.702028 0.533977 0.023007 0.036619
0 0.798875 0.554292 0.021138 0.043424
0 0.930507 0.525884 0.029948 0.033329
0 0.860257 0.507756 0.020088 0.038250
0 0.349898 0.442036 0.023427 0.033098
0 0.519838 0.769304 0.025354 0.030879
0 0.713492 0.764739 0.022078 0.034337
0 0.365027 0.833841 0.022655 0.040582
0 0.233509 0.860576 0.029580 0.032265
0 0.665438 0.265527 0.028677 0.028184
0 0.724533 0.348297 0.030163 0.032503
0 0.748317 0.553249 0.022844 0.040596
0 0.701731 0.601454 0.026414 0.032629
0 0.614575 0.701448 0.029040 0.028541
0 0.408109 0.784687 0.021600 0.038194
0 0.657654 0.694917 0.030531 0.027869
0 0.709601 0.670471 0.026656 0.038187
0 0.806759 0.690804 0.023453 0.035772
0 0.768431 0.698095 0.022718 0.040470
0 0.852368 0.721673 0.026131 0.037851
0 0.922271 0.632200 0.031213 0.033931
0 0.934177 0.708634 0.034411 0.025566
0 0.431097 0.490420 0.019211 0.034785
0 0.409600 0.650842 0.018639 0.028905
0 0.165897 0.832882 0.030184 0.035009
0 0.869280 0.552969 0.022403 0.034253
0 0.812629 0.322150 0.030142 0.035583
0 0.395849 0.460034 0.023490 0.033084
0 0.817905 0.763871 0.033649 0.031397
0 0.916459 0.793137 0.020503 0.041331
0 0.880631 0.787806 0.027275 0.036213
0 0.400942 0.517722 0.022314 0.032657
0 0.604461 0.334453 0.018345 0.032734
0 0.700970 0.822591 0.029953 0.029983
0 0.185271 0.494043 0.017174 0.031474
0 0.848339 0.632802 0.027092 0.035737
0 0.420324 0.157262 0.013698 0.037375
0 0.713912 0.269517 0.023747 0.033966
1 0.980897 0.046353 0.032421 0.046616
1 0.042916 0.067288 0.029591 0.042717
1 0.983081 0.880569 0.033838 0.045300
1 0.039708 0.856603 0.028635 0.038838