0 0.226242 0.574404 0.023994 0.028303
0 0.178254 0.322833 0.025674 0.028422
0 0.288065 0.241323 0.028131 0.033329
0 0.367707 0.241130 0.028971 0.030872
0 0.406694 0.214910 0.026582 0.031453
0 0.291008 0.321156 0.016187 0.036521
0 0.505198 0.538891 0.022618 0.034071
0 0.465164 0.485950 0.027407 0.030480
0 0.421287 0.510942 0.022135 0.036192
0 0.291772 0.507438 0.020182 0.031705
0 0.241410 0.500000 0.028730 0.031054
0 0.234110 0.419729 0.032704 0.029731
0 0.717535 0.429078 0.021217 0.023774
0 0.374779 0.645469 0.019122 0.032300
0 0.771666 0.464546 0.018780 0.038019
0 0.549708 0.332819 0.024955 0.035513
0 0.806522 0.229503 0.027307 0.029850
0 0.455921 0.617180 0.022603 0.032790
0 0.457932 0.368301 0.027507 0.029136
0 0.854072 0.289227 0.026210 0.034813
0 0.651433 0.193482 0.032967 0.042724
0 0.635994 0.835825 0.026304 0.041205
0 0.524096 0.849168 0.020765 0.035436
0 0.355311 0.832175 0.026294 0.039672
0 0.890250 0.666842 0.031518 0.028016
0 0.404047 0.425239 0.030321 0.024705
0 0.343314 0.333032 0.023532 0.042927
0 0.490807 0.251778 0.016560 0.030494
0 0.516019 0.387244 0.019006 0.037284
0 0.810975 0.464326 0.023947 0.033014
0 0.424954 0.653072 0.019022 0.034848
0 0.291118 0.553735 0.022372 0.035450
0 0.396634 0.389547 0.023936 0.026406
0 0.433518 0.295268 0.026582 0.036101
0 0.844860 0.640376 0.022781 0.037067
0 0.870424 0.783399 0.028998 0.033140
0 0.797794 0.774225 0.028152 0.032461
0 0.376213 0.460710 0.022933 0.030445
0 0.667641 0.678438 0.021164 0.035121
0 0.744330 0.824044 0.024761 0.034484
0 0.709982 0.798608 0.025191 0.031201
0 0.718900 0.872193 0.024314 0.023620
0 0.825744 0.723440 0.025595 0.039693
0 0.491573 0.789381 0.022072 0.025895
0 0.577904 0.540571 0.017410 0.032811
0 0.706299 0.495961 0.027717 0.029416
0 0.236963 0.756549 0.029349 0.035093
0 0.213838 0.699282 0.029575 0.029304
0 0.524585 0.748502 0.022519 0.032272
0 0.754623 0.738638 0.028021 0.029864
0 0.314569 0.806095 0.023238 0.032734
0 0.600465 0.602725 0.024551 0.034288
0 0.342033 0.716338 0.025937 0.033119
0 0.390045 0.814163 0.020020 0.033497
0 0.265239 0.854370 0.023285 0.027736
0 0.589917 0.448550 0.020455 0.033931
0 0.516378 0.273525 0.021049 0.030123
0 0.490171 0.618416 0.020875 0.036451
0 0.313004 0.745674 0.023732 0.031530
0 0.652467 0.277568 0.026929 0.031488
0 0.565128 0.662799 0.024545 0.034841
0 0.368345 0.524953 0.024923 0.027155
0 0.635795 0.561170 0.023931 0.031418
0 0.704642 0.743441 0.028709 0.028604
0 0.792186 0.558587 0.025842 0.025496
0 0.603797 0.374863 0.023695 0.031887
0 0.547361 0.579242 0.027139 0.023837
0 0.599260 0.697360 0.023390 0.031495
0 0.648613 0.769822 0.026047 0.031467
0 0.294234 0.626054 0.018282 0.035261
0 0.742579 0.388941 0.023254 0.028765
0 0.720128 0.540281 0.022256 0.030648
0 0.562828 0.718561 0.020776 0.039245
0 0.476591 0.688641 0.022592 0.035240
0 0.449741 0.811268 0.025595 0.027876
0 0.662545 0.574667 0.023973 0.023634
0 0.640848 0.619949 0.019684 0.031103
0 0.875236 0.551919 0.018670 0.030991
0 0.789120 0.684976 0.023301 0.027603
0 0.824235 0.669015 0.018439 0.031635
0 0.752245 0.355528 0.022981 0.030347
0 0.686371 0.525979 0.024740 0.032804
0 0.694885 0.405994 0.021259 0.028065
0 0.673062 0.350344 0.023637 0.032370
0 0.739132 0.264890 0.021096 0.031068
0 0.691390 0.298118 0.025842 0.025307
0 0.418675 0.693604 0.027696 0.027694
0 0.412645 0.753913 0.017872 0.032104
0 0.383991 0.769150 0.023947 0.026035
0 0.472751 0.739202 0.026220 0.026441
0 0.356700 0.625119 0.019747 0.027232
0 0.457709 0.775426 0.017127 0.036528
0 0.284510 0.829882 0.030326 0.024404
0 0.380082 0.736724 0.022744 0.030711
0 0.543628 0.622021 0.024881 0.029031
0 0.580803 0.374251 0.019657 0.028730
0 0.287065 0.690258 0.017825 0.024684
0 0.571323 0.307589 0.027423 0.027953
0 0.633416 0.487809 0.020802 0.029381
0 0.578682 0.503168 0.014039 0.025209
0 0.631345 0.387727 0.014003 0.029290
0 0.873656 0.489688 0.021169 0.032076
0 0.885480 0.408410 0.019920 0.028961
0 0.553414 0.488481 0.020366 0.029213
0 0.654727 0.308153 0.019458 0.026938
0 0.717380 0.309388 0.026189 0.027883
0 0.340322 0.461526 0.021411 0.035688
0 0.402257 0.352574 0.016691 0.031341
0 0.643699 0.415865 0.015368 0.030221
0 0.265951 0.342577 0.019290 0.030319
0 0.452280 0.335458 0.016413 0.031691
0 0.273957 0.404038 0.020487 0.031810
0 0.706328 0.343312 0.023185 0.022156
0 0.747635 0.296136 0.023285 0.025517
0 0.707732 0.378049 0.023800 0.021050
0 0.300154 0.427101 0.027296 0.023571
0 0.315036 0.261624 0.022030 0.031943
0 0.532904 0.671812 0.017400 0.030340
2 0.799364 0.649999 0.020035 0.028786
2 0.604681 0.737228 0.020833 0.032181
2 0.721068 0.605273 0.018077 0.030550
2 0.858154 0.426796 0.020072 0.028128
2 0.793748 0.364020 0.023852 0.030039
2 0.182218 0.367352 0.026010 0.029899