1 0.132928 0.295020 0.105000 0.145273
1 0.328908 0.293853 0.103287 0.142706
1 0.523092 0.293591 0.104732 0.142818
1 0.716152 0.292997 0.102982 0.142455
1 0.909480 0.297034 0.103610 0.143477
1 0.129976 0.556138 0.105913 0.142433
1 0.327811 0.557966 0.102107 0.139023
1 0.522382 0.558298 0.103396 0.144208
1 0.715576 0.557098 0.103313 0.141987
1 0.909170 0.560031 0.103174 0.138867
1 0.129938 0.819760 0.103861 0.142087
1 0.325073 0.819609 0.105280 0.142723
1 0.521870 0.820156 0.104012 0.143616
1 0.714304 0.817567 0.106603 0.140201
1 0.908969 0.817896 0.103459 0.144062