0 0.148426 0.096128 0.057441 0.082143
0 0.601003 0.137933 0.058739 0.085165
0 0.837823 0.132398 0.050792 0.088803
0 0.124113 0.210495 0.057917 0.076737
0 0.591209 0.394811 0.051330 0.085389
0 0.838193 0.625367 0.049763 0.079552
0 0.832143 0.492809 0.047737 0.083587
0 0.142707 0.417515 0.060228 0.080330
0 0.401152 0.454463 0.047782 0.084337
0 0.128875 0.645681 0.058196 0.089435
0 0.206542 0.323253 0.050742 0.087398
0 0.244362 0.088473 0.053193 0.089530
0 0.764343 0.213627 0.056064 0.088842
0 0.913455 0.260681 0.052712 0.087689
0 0.335453 0.081032 0.064106 0.083425
0 0.120663 0.781457 0.052796 0.083777
0 0.133476 0.533346 0.054637 0.089693
0 0.245137 0.801263 0.063250 0.089161
0 0.344413 0.321728 0.059719 0.090247
0 0.417146 0.579258 0.054542 0.081108
0 0.747093 0.757611 0.048089 0.082748
0 0.607246 0.664200 0.053204 0.083962
0 0.912165 0.128251 0.051744 0.083173
0 0.762883 0.100281 0.052315 0.089116
0 0.675585 0.113004 0.057620 0.088696
0 0.584925 0.266411 0.046774 0.081309
0 0.665310 0.523947 0.047737 0.084124
0 0.830551 0.762491 0.053484 0.083900
0 0.849559 0.353379 0.050445 0.081869
0 0.500235 0.578701 0.055583 0.089385
0 0.224791 0.202756 0.053473 0.085244
0 0.504603 0.687424 0.045336 0.081634
0 0.488125 0.817657 0.054005 0.089547
0 0.663327 0.898653 0.051000 0.087130
0 0.818130 0.875658 0.052706 0.084857
0 0.129735 0.910775 0.054027 0.086223
0 0.136383 0.308096 0.051845 0.085680
0 0.238721 0.565446 0.061532 0.093386
0 0.682849 0.637589 0.044782 0.080123
0 0.663100 0.788050 0.059400 0.085859
0 0.327845 0.818060 0.062567 0.080212
0 0.318208 0.213014 0.058068 0.082893
0 0.750733 0.348314 0.049449 0.089413
0 0.584969 0.528695 0.055605 0.084981
0 0.566518 0.914561 0.046170 0.078953
0 0.930770 0.619907 0.053428 0.081002
0 0.927234 0.480242 0.045269 0.094394
0 0.925499 0.368150 0.053395 0.087762
0 0.440875 0.699832 0.049897 0.085160
0 0.415797 0.816485 0.054307 0.087773
0 0.490103 0.919964 0.053428 0.093386
0 0.321421 0.446275 0.061179 0.087393
0 0.849668 0.230611 0.056876 0.081231
0 0.741194 0.886982 0.048996 0.080408
0 0.583296 0.811095 0.056590 0.085165
0 0.769313 0.629776 0.049483 0.090040
0 0.737106 0.469192 0.058739 0.087381
0 0.512175 0.223636 0.053719 0.082994
0 0.685074 0.368696 0.062069 0.088137